0 385 387 964 133 807 458 557 654 431 656 369 146 756 629 690 847 637 190 
1 897 391 275 916 418 677 550 44 48 434 310 313 190 352 588 472 858 480 867 235 878 374 511 
2 676 389 81 201 970 972 783 433 342 853 214 677 
3 641 900 395 652 537 412 933 44 308 441 991 701 960 449 450 76 219 476 350 607 736 739 614 359 636 
4 898 524 656 794 240 546 675 37 554 300 317 446 859 587 475 250 358 873 106 620 366 112 498 756 318 890 
5 516 261 966 839 456 971 268 493 16 200 274 820 437 822 55 184 921 127 281 120 575 
6 737 67 310 807 841 491 204 429 369 657 819 692 638 406 152 985 346 443 509 852 
7 315 998 678 842 754 595 374 663 664 793 123 938 
8 68 716 554 812 429 77 237 153 633 346 623 444 890 719 
9 259 902 131 279 281 796 673 291 40 940 309 828 958 838 331 597 471 734 98 359 110 190 374 
10 918 904 529 788 662 536 541 552 553 810 428 302 56 446 70 346 482 616 499 631 120 127 
11 384 768 450 67 484 342 391 652 939 812 110 144 562 403 84 726 537 858 733 958 
12 97 806 456 469 21 118 439 825 442 863 
13 384 209 873 971 428 781 879 529 979 564 853 24 728 724 539 92 637 574 
14 138 651 271 345 410 103 34 36 933 42 555 53 697 315 60 961 462 615 164 988 94 866 740 743 872 747 236 251 381 383 
15 770 145 787 155 672 166 297 944 314 195 324 460 979 605 734 608 422 999 360 875 877 244 629 248 891 381 
16 960 272 5 812 746 236 941 336 148 905 313 702 
17 515 406 401 917 790 47 930 534 199 173 303 565 699 579 839 201 458 466 83 852 989 735 736 763 614 639 251 895 
18 506 962 195 166 742 615 220 139 588 354 173 80 114 245 939 57 442 284 797 
19 384 161 482 475 196 549 134 137 782 504 374 951 728 699 478 901 
20 320 129 483 68 699 806 449 904 777 426 663 827 431 513 841 214 919 731 586 
21 354 454 29 201 535 12 397 335 817 146 531 692 309 502 727 984 890 571 540 189 946 
22 448 453 578 363 261 998 551 425 490 267 273 525 593 643 52 566 617 436 508 798 677 
23 291 452 422 518 241 234 268 112 273 914 595 181 822 150 666 574 28 618 894 255 
24 675 741 968 204 343 300 13 662 367 978 790 471 153 890 27 831 
25 171 780 913 366 413 799 811 669 945 694 440 313 847 696 471 220 605 738 485 109 878 243 634 639 
26 352 737 258 803 836 807 716 946 275 116 469 950 377 857 251 
27 672 800 291 581 422 712 555 973 24 912 536 86 792 409 250 
28 387 65 777 790 23 667 796 670 291 164 668 46 105 185 961 837 716 205 719 597 855 617 495 241 247 634 
29 522 658 21 662 805 605 947 948 181 54 952 193 963 182 590 79 594 983 484 349 293 740 82 629 509 639 
30 611 708 518 134 167 168 396 663 428 401 904 771 373 791 922 62 981 
31 385 522 578 528 785 532 918 675 299 189 574 962 967 72 332 587 76 77 78 269 84 742 105 369 626 756 190 894 
32 128 320 131 580 69 134 551 104 355 718 248 995 440 476 801 894 415 
33 673 482 50 100 486 359 616 969 973 336 753 530 822 56 536 697 506 644 866 283 
34 388 134 14 984 285 800 198 960 708 710 328 329 334 469 86 472 734 736 868 233 618 747 620 751 112 117 504 636 509 
35 390 136 876 657 532 537 157 542 674 36 425 945 670 829 833 620 465 472 748 497 499 245 
36 225 67 740 35 488 265 621 14 273 131 739 952 452 867 444 
37 4 70 521 714 427 205 142 207 433 756 309 918 388 
38 352 376 98 483 746 426 812 338 238 337 370 691 814 568 666 78 829 574 
39 65 322 667 976 261 91 969 234 779 418 782 80 370 83 105 771 761 474 603 281 330 
40 904 9 394 578 409 794 157 546 553 303 827 60 66 966 200 972 674 653 336 91 607 993 118 375 
41 512 544 162 419 616 220 172 994 560 51 118 569 706 601 604 988 862 
42 14 928 944 165 679 302 304 688 306 181 55 953 187 318 194 311 725 598 858 868 490 625 626 247 123 
43 448 647 520 137 144 156 545 433 179 569 576 589 466 852 981 982 732 741 871 746 743 110 637 
44 1 706 3 548 325 97 392 161 106 231 712 355 564 245 73 474 539 860 798 351 
45 448 864 806 200 567 842 491 878 624 817 242 499 501 755 248 90 216 
46 256 993 902 423 936 138 811 467 280 154 28 541 442 
47 142 17 282 284 556 53 310 192 196 843 978 467 87 984 92 478 359 874 851 372 118 506 126 
48 384 1 68 878 648 489 779 748 430 337 660 820 558 982 439 600 84 151 925 853 
49 708 694 775 447 972 445 945 307 277 918 344 819 986 319 701 849 831 
50 390 520 140 269 535 795 33 304 945 307 437 441 829 963 965 839 589 470 215 600 609 486 359 380 
51 128 962 700 805 136 41 554 599 780 346 477 176 360 821 661 663 952 250 860 266 917 
52 224 801 992 966 745 559 753 147 53 22 728 120 986 101 
53 640 896 775 905 14 273 47 303 435 52 185 70 840 460 213 441 88 356 101 358 492 621 370 502 761 853 
54 130 774 648 397 786 789 29 414 548 293 168 429 569 320 966 199 98 207 990 736 482 252 253 
55 322 355 420 5 169 42 939 684 269 685 920 114 467 56 952 825 346 124 509 383 
56 918 262 391 10 780 141 531 406 792 794 156 415 33 807 430 790 437 55 577 962 709 289 465 99 616 618 238 111 635 
57 598 902 269 401 18 406 410 797 928 554 306 947 564 824 314 322 579 854 983 352 994 751 630 895 
58 992 866 263 970 907 204 621 381 688 242 629 697 754 730 667 796 285 478 
59 384 512 566 870 513 168 873 810 811 813 464 328 467 660 885 982 407 216 410 
60 97 506 40 521 490 748 426 14 413 240 913 468 150 660 922 543 604 202 222 296 
61 647 154 926 803 681 554 173 564 443 224 202 210 211 473 218 990 864 869 358 495 755 511 
62 448 228 839 604 170 775 492 93 80 723 981 86 858 732 253 30 895 
63 128 962 739 710 262 296 969 747 275 305 904 307 180 437 841 84 186 507 346 
64 259 654 402 147 280 155 678 427 306 690 820 568 704 708 457 92 95 866 740 748 756 373 892 
65 784 412 39 28 940 221 177 183 443 67 837 966 823 76 472 603 93 864 349 120 891 380 125 510 
66 548 40 393 138 236 432 530 403 569 804 900 411 947 
67 6 11 145 274 660 673 36 689 819 702 65 324 584 720 721 466 980 857 987 604 861 97 357 235 630 631 
68 576 48 834 580 8 76 714 652 493 622 815 176 754 20 597 404 411 126 
69 133 902 903 398 143 412 32 545 677 294 938 306 182 952 160 579 589 721 732 480 998 489 368 753 117 766 
70 323 37 710 168 521 10 716 77 334 79 656 680 562 499 53 488 89 396 325 797 831 
71 339 368 863 294 616 586 684 334 175 944 904 147 968 534 379 317 959 
72 96 480 674 709 422 31 137 234 588 237 301 949 823 280 665 335 604 255 380 511 
73 417 259 155 711 393 138 44 877 813 689 205 275 212 309 920 281 250 495 202 798 
74 854 650 780 909 142 912 405 791 799 548 554 431 560 817 946 948 224 967 201 611 469 726 475 351 480 867 228 230 750 497 635 
75 443 438 742 491 205 526 559 152 722 980 558 566 217 888 953 891 
76 642 3 645 522 855 271 400 529 924 414 31 545 284 299 178 945 562 571 65 68 673 210 983 600 484 98 611 100 746 365 499 628 382 119 889 638 
77 708 262 70 465 8 874 844 205 110 637 840 946 526 215 920 953 985 444 248 31 
78 38 31 488 745 95 114 686 879 658 373 855 602 731 540 829 917 
79 513 259 70 230 360 812 205 646 488 338 771 406 951 472 697 858 316 29 94 390 
80 961 268 664 18 403 532 408 667 798 801 294 39 428 670 182 705 62 309 833 707 456 204 849 84 469 727 218 223 166 489 492 374 507 963 
81 2 645 904 268 216 915 918 541 677 691 183 440 826 839 974 591 344 988 954 482 999 491 750 251 767 
82 706 739 612 581 390 433 616 874 151 972 878 712 867 350 791 570 255 29 126 741 
83 643 517 652 17 792 39 169 691 828 964 328 970 464 722 851 343 867 273 236 878 113 242 371 757 509 894 
84 96 832 482 227 48 168 31 11 63 207 80 211 151 315 463 220 414 383 
85 353 962 227 197 490 322 782 527 275 148 447 118 823 738 282 927 381 453 
86 650 404 917 663 923 417 34 27 806 429 304 440 187 62 816 578 843 332 977 982 476 481 228 486 103 621 878 630 124 
87 545 194 773 615 104 649 971 94 642 47 145 978 936 469 591 667 861 849 
88 769 162 388 357 999 104 332 482 175 157 414 53 790 186 667 476 598 638 479 
89 790 394 523 144 533 918 152 582 169 820 778 319 70 589 591 598 863 225 994 739 235 494 505 
90 288 240 610 259 134 167 842 45 942 720 696 562 243 404 217 824 985 753 536 
91 513 773 518 650 403 324 540 157 645 39 40 297 442 964 710 458 974 724 601 223 995 101 870 619 888 
92 64 906 13 143 912 404 580 416 549 552 47 181 959 704 833 836 847 120 734 749 496 248 
93 526 144 785 152 418 419 292 805 113 296 938 439 62 65 716 845 980 858 609 996 869 241 243 373 767 
94 392 14 878 547 681 175 818 308 566 331 973 79 654 87 348 355 871 233 110 502 632 121 597 
95 64 449 195 727 179 832 513 424 233 967 492 238 387 78 855 570 252 565 
96 901 793 416 934 425 816 834 451 582 72 973 718 465 722 84 342 983 989 612 742 235 236 367 892 
97 112 67 12 748 941 654 44 816 945 690 172 948 286 118 345 771 692 719 60 475 
98 9 145 146 661 422 298 691 734 54 829 581 76 467 344 990 997 352 994 38 232 620 371 372 506 
99 134 909 919 924 675 681 563 56 500 194 460 976 465 723 340 989 863 355 618 877 755 372 886 248 890 255 
100 640 33 864 145 712 106 76 749 270 913 530 410 904 990 
101 992 336 91 420 934 231 328 556 942 368 977 595 52 53 600 804 987 444 624 661 
102 192 320 227 672 298 108 205 942 783 240 480 596 686 512 495 537 827 956 189 853 
103 898 547 358 586 14 778 244 622 86 440 250 476 829 958 351 
104 32 481 450 227 459 168 171 712 680 917 438 87 248 88 542 223 
105 288 962 932 582 39 351 809 525 546 28 493 818 789 214 31 412 927 
106 641 388 902 273 789 4 285 547 44 436 316 317 575 736 326 992 100 741 359 237 701 882 123 382 
107 459 580 838 454 871 296 361 618 619 745 715 989 735 
108 148 919 280 283 285 314 192 708 581 840 458 725 214 856 345 346 228 102 622 239 250 637 
109 515 966 454 743 201 842 747 589 910 625 627 180 277 471 664 25 765 459 693 
110 133 9 394 523 398 454 43 816 434 960 11 374 966 715 77 94 223 226 747 114 755 246 632 
111 176 355 56 231 873 455 749 846 943 496 977 148 469 905 568 615 152 859 862 312 
112 832 97 34 4 870 401 361 843 824 386 621 848 785 978 342 631 23 185 540 765 637 
113 960 641 987 997 295 840 636 618 175 145 83 155 311 537 346 763 924 93 895 
114 897 240 292 741 585 490 874 812 110 750 239 304 18 718 246 55 127 981 78 906 901 
115 128 576 923 964 198 230 616 425 746 567 590 143 304 658 372 309 631 788 987 510 766 
116 458 417 195 545 809 298 903 190 335 276 373 26 490 926 661 
117 398 280 920 796 541 161 34 678 809 316 957 69 966 584 722 595 727 602 476 615 617 510 
118 266 12 673 164 678 40 41 47 311 186 319 336 85 474 475 97 998 492 627 886 383 892 767 
119 448 737 994 965 453 501 76 782 367 881 319 468 526 598 503 826 789 731 925 414 389 
120 641 5 10 408 536 797 945 819 52 319 65 329 970 718 986 731 92 280 745 494 751 884 758 380 
121 355 708 566 134 372 201 522 619 430 529 867 692 94 772 377 248 484 412 998 741 
122 376 162 709 198 361 746 501 716 750 253 696 437 215 472 761 511 248 990 959 
123 640 542 164 7 242 874 203 466 686 591 786 106 470 388 762 924 42 734 
124 163 485 486 679 809 359 189 145 883 308 86 55 216 413 286 517 
125 65 642 707 388 231 202 460 302 417 820 366 758 916 891 234 286 789 
126 644 522 658 153 920 196 666 539 156 603 549 47 185 833 578 579 68 970 82 475 610 229 383 
127 363 5 10 216 789 542 547 682 556 689 437 314 965 585 722 856 356 875 751 114 499 503 
128 263 909 274 279 284 32 801 937 298 51 699 63 580 453 199 333 846 464 348 606 480 485 871 496 115 758 
129 934 552 681 331 781 189 594 339 308 310 409 762 915 733 20 
130 193 962 131 324 833 268 141 302 657 786 212 558 54 919 632 157 606 
131 32 417 130 355 36 838 967 841 302 627 521 9 890 575 
132 513 765 260 801 361 429 526 175 144 631 889 217 527 892 313 410 
133 0 257 705 494 549 166 184 830 961 69 586 337 213 476 478 228 487 618 871 110 883 758 891 765 767 
134 652 19 663 280 90 30 32 34 164 553 311 702 439 346 347 99 228 237 624 121 893 767 
135 257 418 774 326 264 546 561 754 469 822 760 441 220 
136 51 35 550 294 457 234 620 784 227 778 
137 928 176 72 332 43 620 397 240 401 140 19 180 658 954 
138 672 993 66 228 453 181 73 14 354 46 719 561 270 317 277 246 505 858 957 549 
139 257 453 166 321 232 492 238 879 18 253 526 310 473 605 862 910 
140 512 386 137 917 799 674 164 421 169 298 50 862 265 971 718 208 212 220 990 735 869 754 
141 993 130 803 582 583 989 587 844 173 751 977 307 372 918 755 56 473 346 642 
142 386 518 395 652 653 410 47 37 170 558 687 692 187 199 74 971 727 602 988 618 365 374 894 
143 385 642 262 529 530 923 161 418 559 565 69 718 719 979 725 92 736 242 115 884 508 638 
144 644 11 661 408 132 411 551 43 821 439 187 324 215 89 93 350 237 623 496 503 889 506 894 
145 98 67 100 806 711 775 812 15 273 113 663 856 87 495 124 248 255 
146 0 171 905 656 21 667 668 542 165 935 937 555 556 173 819 564 187 832 712 208 98 355 868 485 871 746 500 
147 263 523 654 534 52 822 64 963 71 842 720 725 605 484 492 365 878 879 240 501 631 894 
148 448 992 835 324 864 641 904 108 525 782 111 400 308 85 183 568 153 603 655 159 16 
149 417 772 633 744 234 686 687 689 692 758 983 857 539 
150 288 737 808 540 335 720 881 947 788 245 758 23 698 60 991 
151 482 291 82 709 678 426 555 204 578 687 48 370 562 84 823 267 250 915 882 
152 259 6 268 785 387 789 538 540 285 805 689 818 693 569 833 834 964 75 89 93 111 373 631 
153 195 517 774 743 360 233 588 8 339 148 24 937 280 404 126 741 
154 526 528 46 668 925 545 810 811 942 819 823 61 452 801 456 600 226 229 491 367 884 890 639 
155 389 904 779 524 269 15 920 664 159 424 174 435 949 296 64 450 73 719 723 726 706 858 479 610 356 113 
156 548 997 561 43 653 814 909 977 404 126 433 601 56 820 442 785 474 862 
157 513 130 776 401 35 679 40 221 183 580 210 214 855 88 218 91 989 862 997 785 231 639 
158 757 354 356 421 689 342 622 613 624 881 179 886 502 950 667 286 831 
159 773 394 909 911 148 534 663 155 160 289 546 293 679 939 311 825 195 196 967 969 859 741 755 887 
160 513 291 548 69 231 872 329 267 833 435 541 282 563 451 724 438 979 730 925 862 159 
161 961 900 773 296 522 171 44 365 143 744 19 788 117 505 852 252 
162 339 545 245 741 405 41 458 468 525 285 595 276 789 823 88 234 122 764 989 218 197 
163 320 644 522 271 530 670 709 198 166 296 299 562 437 183 824 372 447 960 451 325 582 978 821 658 500 124 
164 741 134 232 873 170 140 461 14 499 118 937 966 123 28 446 767 
165 993 359 42 653 621 208 497 146 888 287 511 
166 515 133 518 394 139 15 18 771 928 802 163 420 170 825 315 325 326 455 80 213 569 655 608 484 618 620 499 379 252 810 
167 192 640 194 929 679 232 386 514 595 532 90 863 956 30 895 
168 262 392 395 284 30 297 434 945 562 54 59 959 320 70 583 460 84 984 348 222 740 487 104 238 255 625 630 809 818 895 
169 513 199 712 970 55 140 685 526 479 241 351 83 372 590 89 887 825 859 636 949 607 
170 865 171 164 550 166 554 235 748 614 142 880 337 692 62 214 793 331 284 446 597 
171 384 768 146 665 280 25 161 170 813 180 449 839 329 846 737 104 363 402 751 248 890 636 
172 320 97 611 666 743 41 970 629 173 461 656 658 787 212 341 377 218 915 701 414 639 
173 704 992 18 923 452 241 172 812 492 141 61 401 753 146 17 625 315 731 220 253 734 
174 640 869 486 392 393 943 435 566 407 857 155 
175 257 835 132 262 71 370 718 943 880 113 690 981 580 344 88 737 668 445 94 
176 321 68 438 326 373 616 137 587 974 111 433 371 558 886 777 249 463 605 575 51 
177 65 387 868 261 614 342 332 269 368 498 341 662 536 348 338 414 816 
178 609 291 836 837 904 521 375 76 557 912 529 691 660 373 745 601 656 669 556 
179 642 356 678 326 327 552 43 204 706 302 912 158 612 474 764 382 95 
180 512 385 386 899 776 137 778 279 396 659 407 768 800 677 171 434 63 321 848 482 871 109 240 757 248 637 
181 387 138 782 23 923 29 926 795 936 42 560 820 565 201 585 439 595 725 217 92 863 865 229 360 885 
182 578 331 644 69 422 551 458 523 430 80 835 757 662 184 676 986 29 734 869 
183 512 647 526 148 536 921 157 163 679 438 65 708 456 202 81 980 854 475 222 483 996 999 759 895 
184 133 622 278 540 5 292 554 559 562 182 312 574 191 706 835 841 335 466 988 480 483 486 617 750 884 633 938 
185 652 656 915 280 411 28 801 933 934 687 563 53 624 699 709 585 587 597 610 620 112 636 126 
186 660 671 554 813 437 953 693 320 707 199 715 972 465 466 88 222 991 237 883 118 375 888 63 
187 262 780 142 271 144 146 533 421 809 42 302 575 577 839 586 719 526 86 600 222 482 230 497 766 
188 640 514 726 393 664 523 302 849 531 821 982 983 792 922 795 380 
189 640 129 898 523 21 663 284 31 800 418 291 562 305 690 696 700 961 986 352 102 619 237 501 818 124 
190 0 1 772 904 521 399 274 918 791 540 31 417 548 684 686 435 9 116 443 703 320 455 721 340 601 220 349 977 756 504 377 
191 481 418 932 439 423 360 202 331 802 622 688 616 807 609 184 377 893 761 
192 396 271 660 537 167 683 47 698 957 702 447 344 228 349 609 868 102 998 935 108 371 244 758 503 504 
193 130 419 901 678 615 904 522 493 29 756 277 214 250 538 827 986 
194 642 521 650 537 281 923 167 42 304 697 700 318 579 465 87 218 348 608 99 229 487 233 748 498 
195 704 832 642 483 95 682 715 994 15 18 371 116 726 279 600 153 602 313 572 314 159 
196 253 225 227 742 433 363 47 497 427 19 756 312 730 159 764 829 126 442 
197 384 672 162 291 960 614 551 425 615 300 365 531 500 85 713 442 572 492 768 
198 512 385 259 262 522 910 655 792 670 34 163 421 687 971 595 902 855 610 995 612 870 871 241 115 122 379 380 
199 128 384 515 54 839 776 169 685 142 367 17 758 280 793 186 859 668 
200 385 5 780 856 660 406 408 666 773 40 45 819 977 850 600 601 352 866 743 361 728 749 
201 2 263 17 21 795 418 549 423 937 690 181 608 451 74 718 592 728 985 736 355 109 121 891 
202 928 965 871 488 73 650 183 685 616 61 881 727 792 60 125 830 191 
203 577 607 836 520 748 749 881 660 247 760 602 123 541 735 927 
204 514 6 911 151 24 281 798 929 646 553 688 179 565 58 752 321 458 80 594 852 602 866 878 880 626 371 
205 268 655 530 28 798 37 830 582 73 79 75 717 77 464 338 727 600 271 989 355 102 368 246 759 
206 384 289 739 462 596 881 803 244 437 761 733 
207 576 417 290 483 932 37 705 875 866 305 755 84 54 927 830 965 
208 674 292 165 582 841 140 146 654 464 593 530 628 950 754 444 349 
209 800 481 771 676 231 520 236 715 876 13 813 976 337 276 437 964 795 639 
210 480 272 323 361 938 76 306 61 976 850 563 853 745 760 825 794 859 764 157 383 
211 522 787 791 687 412 543 290 676 943 823 61 959 835 715 338 723 84 855 355 485 747 492 754 637 
212 512 130 982 393 268 898 405 663 681 172 303 308 693 694 73 140 726 221 994 740 892 629 380 
213 706 133 166 568 270 847 920 947 366 824 730 53 
214 193 2 515 389 294 844 105 714 108 974 157 883 20 469 662 408 170 
215 272 404 407 928 802 50 436 820 573 447 714 77 590 974 601 861 912 763 616 144 754 628 502 122 891 234 
216 386 900 272 806 299 45 567 59 577 246 714 823 335 81 857 847 745 877 882 374 127 124 254 895 
217 385 387 132 613 897 75 484 590 661 440 981 728 804 90 796 602 990 181 
218 390 284 157 162 172 827 828 61 194 840 80 339 341 740 992 481 996 741 235 249 720 895 
219 289 386 3 292 357 968 665 746 525 526 917 983 706 868 410 252 829 670 447 
220 135 906 140 18 536 25 286 552 41 173 431 926 312 190 965 723 84 994 636 875 530 764 381 
221 768 65 928 324 967 553 810 683 749 157 304 754 212 873 921 890 850 381 766 415 
222 389 394 238 289 803 423 168 183 312 186 187 60 319 604 989 862 994 746 750 243 895 767 
223 928 610 603 104 875 110 398 80 529 91 755 852 302 534 343 952 949 378 571 826 245 
224 642 965 424 572 74 844 334 464 689 275 52 597 694 569 954 764 61 606 
225 271 89 36 941 687 311 832 196 454 717 464 804 740 485 743 363 492 496 370 375 636 766 
226 318 496 355 228 325 584 649 779 397 110 829 816 504 451 558 535 600 154 573 410 511 
227 387 390 136 265 660 918 546 421 521 444 957 196 84 85 472 348 102 104 882 371 632 633 508 637 
228 260 133 134 905 138 783 785 406 792 261 302 440 569 62 192 620 74 716 467 86 346 226 108 366 242 374 
229 961 782 154 543 802 679 692 181 321 194 458 503 718 592 846 858 348 862 744 233 874 745 365 242 759 126 
230 513 738 115 452 511 776 74 331 663 461 79 968 723 404 278 791 187 687 671 
231 384 270 157 160 424 839 44 813 559 955 800 967 843 209 339 101 362 111 243 756 504 125 894 
232 516 646 523 398 655 402 238 663 926 799 291 164 167 939 304 561 139 338 98 679 750 625 766 
233 673 34 229 364 572 428 194 624 277 153 933 95 668 94 741 
234 136 906 653 271 404 149 23 417 162 419 39 691 955 321 836 72 460 215 345 125 380 381 
235 96 1 67 787 170 267 684 816 696 451 628 277 89 377 984 505 218 631 767 
236 96 896 66 323 351 209 776 616 83 332 557 942 16 497 946 483 14 398 415 732 725 
237 928 870 134 424 106 189 666 526 719 144 8 853 470 72 794 635 924 186 501 
238 963 38 999 168 668 95 139 652 429 367 222 625 693 56 474 891 860 232 605 799 
239 578 483 582 680 745 971 108 962 814 114 981 726 311 794 254 
240 4 998 102 137 266 114 946 147 180 598 792 90 60 730 766 
241 261 267 653 784 657 23 28 798 551 169 173 430 570 955 573 834 198 455 463 93 619 760 637 
242 854 143 663 285 581 288 426 45 558 307 310 58 962 963 324 325 582 83 470 989 990 228 229 362 623 123 765 766 
243 865 290 997 231 935 93 272 657 882 723 903 405 853 25 327 615 794 603 90 222 261 
244 266 15 788 797 414 554 812 413 433 192 839 840 971 206 600 857 602 609 103 499 629 246 766 
245 643 523 18 150 162 35 678 935 44 301 948 569 572 588 589 590 335 605 223 994 485 362 
246 867 114 614 520 138 205 110 367 688 497 690 244 470 471 312 920 216 830 
247 896 449 706 676 481 648 42 203 621 430 848 945 583 596 840 410 28 570 766 383 
248 642 171 518 15 145 542 415 32 419 804 807 92 938 939 45 584 180 310 313 706 965 840 587 460 77 249 604 349 99 104 499 500 121 122 255 639 
249 769 674 933 839 648 777 906 176 492 685 688 914 316 313 248 281 218 828 894 
250 4 529 658 787 151 409 27 51 309 193 73 717 845 338 856 477 866 483 103 489 875 108 879 379 
251 524 14 17 26 670 415 288 677 572 453 966 331 81 724 601 870 913 618 363 492 367 880 757 
252 161 514 54 166 417 297 333 434 369 530 982 568 219 254 95 
253 769 515 139 401 406 537 293 294 173 54 695 62 196 439 460 726 984 482 746 753 122 891 
254 866 611 566 427 770 239 216 803 852 917 598 697 312 278 939 319 252 957 345 831 
255 258 99 967 72 82 541 145 306 275 659 566 23 984 825 770 168 980 248 575 
256 355 648 713 618 364 749 46 687 529 660 470 727 916 411 670 
257 896 139 133 135 939 333 175 721 561 677 933 474 827 828 597 
258 263 481 418 327 456 545 331 588 754 661 855 26 891 541 255 
259 9 791 152 543 690 948 949 311 955 64 198 73 463 721 90 79 988 740 870 885 759 765 
260 449 642 228 965 617 761 334 335 912 786 851 500 526 310 599 132 537 730 980 
261 768 228 5 358 39 177 971 743 848 241 466 243 532 22 439 319 540 701 862 575 
262 289 450 419 485 198 168 905 175 143 77 911 755 56 922 187 63 
263 128 258 900 389 531 346 929 423 309 695 58 571 957 578 201 375 333 974 730 607 887 868 147 759 376 
264 352 866 868 135 552 686 977 757 632 572 
265 608 816 578 227 36 677 550 324 396 650 620 622 272 792 140 643 649 888 580 286 
266 907 397 913 673 51 313 703 706 840 585 715 851 598 859 989 737 240 244 373 118 634 379 
267 780 782 22 151 160 941 954 828 446 416 322 712 338 724 603 348 605 741 998 615 235 241 885 631 762 
268 384 417 130 724 5 412 714 970 322 205 80 81 755 212 790 23 152 429 986 828 826 
269 177 669 657 50 339 55 696 57 954 155 316 602 31 
270 737 100 741 231 405 777 138 363 973 303 849 213 822 984 815 892 312 
271 192 225 800 163 736 489 234 371 76 877 14 205 690 851 410 187 476 989 414 621 
272 939 265 522 779 783 16 984 786 547 427 686 953 959 709 845 210 675 215 216 476 743 617 243 764 
273 648 145 22 23 802 36 808 554 562 563 53 696 698 571 587 332 467 471 442 106 882 83 298 639 
274 128 322 67 5 678 521 651 844 962 878 724 309 791 827 701 190 780 
275 1 643 394 395 659 404 26 676 295 564 948 63 323 73 972 340 981 604 224 354 872 255 626 379 85 
276 608 353 162 838 545 777 876 590 209 914 435 116 628 317 
277 193 138 526 109 784 536 537 419 423 426 686 49 822 823 313 575 705 323 454 593 862 613 233 235 365 881 372 631 380 810 383 
278 416 737 900 293 230 519 630 613 851 726 184 996 410 859 538 254 831 
279 128 9 781 195 670 672 674 549 427 556 433 180 698 707 325 852 421 865 877 629 375 980 
280 134 779 46 153 282 412 794 414 671 171 558 817 185 64 651 199 72 337 480 996 108 750 369 117 967 120 
281 5 9 394 397 39 686 561 566 905 827 831 194 838 73 204 975 470 249 347 609 494 505 762 511 
282 160 836 998 838 935 328 554 716 397 47 280 402 85 952 874 894 
283 512 33 610 707 678 358 577 840 682 583 108 909 303 961 608 410 847 892 475 
284 128 393 784 18 406 47 930 168 170 303 438 952 189 835 328 76 465 726 218 870 872 875 377 638 
285 514 644 395 655 531 916 152 802 34 58 452 839 456 162 334 461 985 859 996 106 108 621 752 881 242 755 377 511 
286 898 516 265 395 530 664 922 158 418 938 688 570 576 907 458 331 588 220 861 97 614 125 500 379 124 298 895 
287 676 165 998 423 681 843 652 464 913 882 691 903 713 996 442 859 581 
288 538 998 838 105 242 398 815 594 467 150 440 90 251 957 
289 390 262 491 206 56 626 435 696 889 219 222 159 
290 960 833 546 867 484 806 683 973 430 207 536 530 243 846 435 754 603 926 606 211 
291 769 9 23 151 27 28 160 418 549 296 816 178 824 442 827 189 836 197 971 333 352 232 617 371 628 504 
292 645 487 584 777 458 427 428 208 114 307 697 184 793 219 93 958 
293 768 520 393 522 780 782 278 29 542 159 800 560 54 314 799 694 908 475 484 485 999 623 756 253 
294 80 69 71 136 361 394 619 623 336 690 980 214 858 253 869 
295 483 113 616 369 338 275 707 600 959 
296 770 771 519 408 155 672 161 291 421 688 547 565 570 60 63 835 710 163 601 93 352 107 881 
297 576 481 322 379 645 625 168 15 718 808 689 566 665 762 91 252 
298 128 521 140 398 273 795 286 671 672 539 680 681 810 430 432 307 577 453 455 716 345 98 102 359 116 373 809 
299 832 992 163 388 645 488 969 330 76 31 497 351 499 472 794 447 216 387 831 
300 383 4 197 938 904 684 842 940 462 669 976 24 498 915 660 349 504 987 701 837 
301 386 765 582 871 72 716 875 460 866 526 847 245 969 695 607 571 492 930 
302 130 131 647 778 535 42 427 179 436 694 440 187 188 10 834 585 503 461 590 857 223 228 357 361 125 753 373 375 763 765 
303 928 283 17 534 487 40 284 270 593 872 339 212 53 566 536 468 699 476 581 
304 994 114 910 232 681 42 194 942 50 115 878 854 316 595 86 221 414 
305 480 449 63 902 583 809 362 807 750 943 948 789 207 732 189 927 
306 523 558 934 423 42 557 686 948 57 64 834 69 592 210 984 346 735 874 747 492 626 255 
307 50 292 709 298 396 141 528 49 242 915 372 725 440 388 445 574 63 
308 129 3 212 148 441 436 124 94 
309 899 263 9 274 21 37 686 689 658 969 827 324 453 73 80 851 724 985 734 865 620 877 115 373 250 891 
310 129 260 6 1 139 908 398 407 796 679 47 435 571 702 321 974 852 728 860 737 242 248 
311 864 225 259 452 134 113 42 939 972 239 913 947 757 118 696 159 931 638 318 
312 391 906 395 653 270 399 222 544 990 184 953 196 965 337 858 220 734 993 744 111 246 254 
313 1 132 266 16 277 534 25 412 421 430 195 761 612 749 881 756 887 248 249 378 637 766 
314 389 902 775 15 920 670 802 420 293 678 558 57 195 971 469 331 871 108 750 629 767 127 
315 673 770 773 166 7 682 811 173 14 784 806 84 597 918 728 826 890 
316 897 518 361 106 304 269 79 816 117 249 783 
317 897 962 795 4 71 329 522 551 138 957 848 513 662 537 276 794 367 106 
318 385 4 641 905 401 918 935 42 556 943 565 311 447 705 194 330 459 226 483 679 366 880 505 
319 993 354 261 454 714 119 397 750 222 816 49 979 622 118 567 120 89 954 254 933 
320 32 163 54 102 168 875 172 814 628 424 851 20 854 771 697 186 899 474 190 
321 139 657 533 406 792 924 800 930 552 176 180 310 441 828 829 452 204 229 870 360 234 879 890 508 639 
322 720 976 929 39 297 57 267 268 274 848 882 723 85 528 55 921 762 379 914 
323 518 910 911 275 277 544 566 954 827 70 589 720 210 341 991 477 479 993 742 616 745 236 634 
324 130 67 712 265 586 482 221 15 144 881 242 611 148 309 790 585 505 91 733 478 543 
325 417 226 163 70 166 513 552 279 44 750 623 242 755 437 609 793 867 988 
326 516 135 395 791 794 674 166 519 686 176 179 822 696 953 460 461 846 847 598 350 993 106 620 495 371 503 
327 258 996 453 422 743 333 686 760 243 792 179 828 947 
328 522 907 783 658 282 284 34 677 678 938 557 562 59 709 845 83 342 734 101 501 374 632 
329 160 352 34 869 776 444 317 171 706 654 591 597 631 120 505 687 892 866 733 799 
330 416 544 928 836 389 518 39 777 458 299 652 646 881 995 873 810 318 
331 640 129 258 903 9 791 784 789 407 409 540 286 424 170 689 691 436 182 314 444 191 709 841 847 595 94 230 251 
332 579 31 741 423 428 137 626 395 236 781 177 888 273 658 924 757 438 88 575 86 447 
333 128 257 354 291 772 327 873 263 621 751 657 434 867 820 545 563 407 839 252 862 863 
334 224 705 34 611 260 70 71 587 556 679 750 285 464 657 470 343 570 605 894 
335 352 514 955 260 966 72 509 362 845 910 495 976 216 116 21 150 760 538 184 410 245 
336 33 482 452 101 294 359 40 940 975 16 680 118 439 953 764 
337 640 610 804 133 38 712 553 170 312 477 48 209 690 563 504 634 668 378 280 650 
338 896 385 514 776 267 914 665 925 38 423 681 555 556 177 565 840 205 79 211 980 469 603 478 232 295 250 
339 640 129 515 269 153 303 414 231 162 808 896 559 691 564 438 568 700 574 708 71 599 856 729 218 476 993 359 363 626 760 
340 896 961 898 99 783 681 523 430 943 275 439 891 923 413 190 
341 673 323 172 973 177 690 405 982 510 761 218 763 734 
342 384 2 11 909 656 530 158 177 840 705 328 842 846 376 983 857 346 736 96 481 945 873 877 879 112 888 377 767 
343 353 770 420 223 334 879 24 83 629 760 819 923 828 799 
344 192 353 98 867 773 769 520 779 364 450 175 347 81 786 835 512 377 49 539 732 
345 97 706 425 234 108 770 14 783 721 254 947 524 622 470 617 920 475 298 898 799 
346 897 6 263 8 10 141 654 531 430 419 134 113 939 942 816 306 51 694 695 63 457 55 342 228 862 484 108 753 633 379 
347 544 769 896 134 487 488 809 567 876 557 591 976 344 627 457 728 281 860 866 621 
348 128 865 194 227 229 358 168 267 177 629 837 600 825 540 94 901 
349 192 65 742 300 428 29 208 466 918 248 762 604 445 190 
350 3 356 326 388 684 367 144 721 82 707 484 538 572 947 638 
351 830 900 933 103 105 74 299 44 367 528 447 236 726 809 982 169 763 990 479 
352 1 264 26 291 421 38 296 937 694 57 189 711 200 329 717 335 723 727 728 473 98 872 363 766 894 
353 517 910 276 936 685 942 559 561 573 453 610 976 85 343 344 863 480 738 867 881 883 893 
354 640 18 779 548 158 275 138 747 333 402 619 946 467 468 21 722 569 796 874 862 319 
355 256 131 391 398 146 794 111 926 32 99 44 817 946 55 956 452 837 201 460 205 211 94 226 483 488 367 121 508 
356 548 179 561 488 444 715 813 941 913 371 980 53 438 471 350 155 732 158 127 
357 994 67 444 426 302 594 611 814 473 88 665 474 219 828 638 703 
358 283 4 261 359 394 523 972 61 975 53 886 632 537 103 348 586 510 
359 3 9 401 787 33 165 681 298 47 688 50 691 461 336 339 981 859 358 657 106 467 124 
360 416 321 390 684 191 79 51 916 661 153 410 15 797 181 
361 132 647 415 294 519 302 559 436 316 957 446 200 970 843 847 593 210 469 855 988 873 107 112 122 
362 231 520 714 363 877 590 335 305 242 871 245 807 535 371 506 815 700 922 725 
363 352 225 738 251 196 966 457 362 171 780 270 367 594 403 22 888 127 511 671 736 339 
364 256 515 644 838 233 973 398 879 784 344 995 565 888 826 
365 161 229 197 838 619 76 941 142 815 147 277 878 495 979 751 
366 768 802 228 773 904 525 497 25 213 503 857 4 125 318 
367 646 912 534 24 154 434 694 991 317 959 199 459 853 350 351 96 355 996 119 363 238 246 375 251 
368 993 964 101 839 424 71 780 205 177 915 917 414 69 446 991 
369 0 900 645 390 525 915 280 668 31 6 295 554 942 562 950 583 844 976 600 998 877 252 
370 225 962 995 38 39 748 935 812 578 845 986 497 53 375 442 175 151 492 863 
371 192 643 905 271 771 291 420 554 455 176 575 576 195 326 711 585 204 978 83 726 604 98 227 356 997 362 497 375 
372 900 141 277 922 883 546 163 169 47 432 689 307 832 452 842 852 864 98 99 619 115 937 121 
373 384 642 266 398 152 666 30 672 547 549 298 302 176 178 309 394 64 965 456 78 593 93 630 116 502 810 
374 1 644 7 393 142 19 789 419 425 647 431 947 9 699 831 328 80 216 976 228 618 110 
375 225 611 388 263 40 778 279 370 302 367 626 371 178 694 823 792 505 186 590 995 
376 457 611 548 38 263 552 425 400 979 564 342 919 888 122 478 767 
377 448 172 528 26 410 284 285 556 432 190 191 832 965 582 596 342 344 475 379 235 446 758 503 760 121 763 766 
378 608 773 391 394 908 223 400 337 916 313 827 572 479 
379 322 166 198 71 680 297 586 346 770 429 560 286 275 852 405 377 922 508 266 250 517 
380 65 998 198 72 234 492 910 50 212 277 120 188 
381 931 613 454 234 491 14 15 221 85 473 58 891 220 541 894 645 
382 483 388 741 716 106 810 76 493 814 435 631 600 601 179 763 604 954 542 
383 899 14 277 544 555 300 565 55 579 586 210 84 854 728 604 609 999 978 754 118 247 126 
384 610 11 197 838 199 171 268 13 206 527 48 625 19 373 342 696 59 231 879 990 767 
385 0 388 775 393 395 143 528 31 676 180 573 318 198 200 338 980 856 217 655 991 480 866 870 624 
386 515 140 142 219 806 167 424 809 301 819 180 822 697 957 702 965 845 848 465 216 473 603 866 112 895 
387 0 656 152 532 536 28 541 416 930 299 686 177 181 448 843 971 980 217 95 227 484 485 748 495 
388 385 88 34 987 37 937 299 307 862 951 568 967 584 631 721 856 731 860 350 421 106 382 375 504 123 125 510 767 
389 608 2 772 263 520 393 330 433 214 119 314 155 222 639 
390 289 35 716 838 369 360 489 780 50 79 712 82 227 527 921 218 667 574 
391 544 1 546 355 773 679 11 750 527 912 945 850 869 56 664 378 795 687 958 312 
392 800 718 770 420 997 998 871 168 44 942 872 174 952 857 603 94 
393 385 66 771 389 293 449 616 73 174 466 188 212 374 983 641 986 859 284 508 421 
394 614 531 281 411 796 926 159 928 294 40 942 816 690 478 706 580 583 586 850 89 222 736 166 358 487 110 275 373 378 892 
395 385 3 676 326 168 842 332 621 142 547 520 466 275 566 471 312 722 794 285 286 703 
396 192 803 964 70 265 663 307 180 937 600 30 959 
397 769 226 843 900 801 137 266 555 674 593 500 501 54 569 875 404 282 319 281 21 
398 288 609 355 586 69 582 232 236 298 364 110 373 310 634 223 989 117 
399 769 770 475 945 457 651 942 847 529 504 699 605 190 312 
400 614 76 750 975 148 814 376 500 378 469 
401 480 546 422 359 137 30 173 253 112 17 596 57 157 681 441 410 797 318 
402 64 736 354 171 471 232 713 874 587 781 782 463 915 535 282 988 509 
403 80 66 555 965 586 363 499 11 765 419 502 505 851 91 874 991 
404 86 397 911 275 663 792 153 156 544 92 940 825 68 598 215 90 988 862 230 234 887 636 746 
405 737 162 379 645 929 809 74 748 270 879 243 212 341 887 856 794 463 
406 253 321 228 6 839 200 652 494 79 912 17 786 787 496 56 57 570 752 284 957 533 
407 705 706 310 517 454 935 331 333 174 180 926 662 503 59 215 
408 80 547 214 769 200 877 144 529 914 820 438 120 296 
409 129 870 40 331 879 250 27 538 831 
410 514 132 646 142 271 401 278 283 560 951 57 59 704 335 14 599 219 861 226 100 487 360 765 247 377 893 
411 256 776 394 66 144 916 535 673 678 681 689 692 437 185 706 68 459 729 624 502 762 507 892 
412 896 65 3 69 105 268 879 464 280 882 211 121 632 313 943 460 
413 480 475 772 25 870 680 340 554 459 60 781 879 244 693 502 649 888 729 431 124 
414 304 901 519 76 119 172 271 368 177 339 84 54 681 88 244 442 861 280 
415 32 802 899 521 251 553 823 236 221 881 248 56 469 361 600 940 699 701 965 
416 96 640 387 832 360 330 267 928 744 675 968 278 824 92 931 830 
417 131 902 268 149 918 923 927 554 692 699 190 325 840 73 460 207 852 86 591 479 870 234 116 252 125 
418 1 258 135 770 143 924 286 291 678 39 426 941 819 201 189 191 841 593 93 864 482 761 
419 262 777 909 403 532 277 678 424 41 754 558 570 193 374 346 732 93 483 234 494 498 502 248 635 
420 449 101 166 392 618 343 652 717 910 632 371 55 888 314 508 810 511 
421 352 227 388 934 198 158 296 393 140 942 783 724 757 279 313 187 460 477 894 607 
422 896 897 98 327 72 935 429 910 15 401 945 497 533 182 23 953 27 
423 577 435 965 263 201 306 332 338 46 717 222 786 531 277 841 191 698 703 508 702 287 
424 224 320 386 419 231 810 331 237 686 368 466 916 565 886 896 608 155 95 
425 654 22 802 35 933 438 197 459 716 978 467 345 603 96 748 750 751 115 884 374 376 509 
426 704 418 827 357 614 151 621 242 20 277 535 38 60 862 
427 64 770 648 525 272 915 279 536 548 37 302 559 572 448 196 846 292 987 956 878 757 254 
428 782 292 662 582 233 10 332 13 974 349 80 561 467 494 822 932 858 795 474 30 885 
429 939 132 422 6 8 379 682 747 268 238 445 627 942 54 728 603 86 988 798 
430 644 914 916 516 669 290 932 936 298 48 182 56 313 546 340 346 608 620 241 247 121 506 
431 0 886 220 74 658 857 783 818 20 629 598 535 536 953 374 796 413 
432 833 66 763 932 457 522 716 624 625 914 908 596 377 952 372 923 298 958 
433 2 43 196 37 839 552 843 525 176 82 244 279 920 628 794 156 477 389 
434 1 671 539 518 647 168 650 653 110 879 560 531 180 469 333 559 367 252 778 863 
435 646 911 276 155 669 160 289 290 423 174 53 310 827 190 713 970 976 850 987 848 446 382 
436 633 361 106 331 621 302 717 976 724 686 22 215 745 308 842 810 
437 163 644 5 209 127 206 849 50 611 659 558 631 56 569 122 63 411 186 734 325 
438 160 544 356 838 104 425 924 75 332 476 176 663 339 533 284 983 408 700 183 799 
439 48 674 261 134 584 587 12 685 93 687 144 721 340 725 336 934 634 191 253 181 
440 917 25 795 32 940 302 307 695 288 969 714 715 588 81 86 217 862 865 228 103 749 891 
441 3 900 135 776 909 401 675 933 556 50 308 53 695 700 829 321 469 599 856 860 865 997 501 892 
442 772 12 273 18 537 794 156 414 965 291 683 46 954 287 448 196 197 711 848 91 604 737 751 370 
443 65 738 835 934 6 929 936 75 564 190 967 61 638 885 
444 640 356 227 36 101 357 487 936 329 842 331 77 910 208 8 467 596 789 852 753 799 
445 771 933 646 429 526 973 466 49 562 307 782 175 349 895 
446 164 551 361 10 267 461 368 435 377 170 4 
447 192 833 163 549 486 712 522 299 332 49 351 931 643 85 219 215 473 539 700 638 318 
448 799 387 902 646 456 43 45 427 148 853 886 119 664 377 22 795 442 62 501 
449 816 3 260 455 393 942 903 939 782 463 880 305 20 171 918 247 420 826 571 986 95 
450 3 486 262 104 11 588 752 155 534 791 344 982 603 767 
451 96 160 226 163 992 201 874 235 994 557 482 532 534 696 633 980 638 863 
452 321 484 355 36 645 230 865 23 173 285 336 850 372 949 311 471 697 154 796 861 837 
453 128 353 706 779 22 327 298 554 555 461 562 139 85 502 119 660 309 251 668 138 511 
454 640 225 896 526 708 677 871 107 109 110 749 499 381 981 758 407 602 319 21 922 277 
455 704 449 651 742 166 298 843 111 241 736 371 820 791 600 601 955 687 190 735 
456 258 5 649 12 154 667 540 285 929 820 695 827 629 448 991 459 80 723 597 730 479 995 878 373 183 
457 64 363 484 805 806 136 459 782 399 432 817 347 376 580 346 667 602 863 
458 0 512 770 641 108 784 17 791 286 162 292 679 182 116 831 768 330 204 847 850 91 229 608 741 876 884 767 
459 769 774 912 411 413 798 930 425 863 318 456 457 991 528 612 104 617 107 109 367 681 633 
460 519 15 537 412 799 417 421 168 939 301 817 820 53 960 326 99 596 355 490 253 887 248 234 125 
461 512 929 164 230 326 359 584 172 484 302 751 793 580 698 285 446 453 
462 481 647 840 745 14 587 812 565 814 787 206 300 568 851 735 
463 449 738 259 519 241 590 176 465 402 497 84 821 952 468 721 479 689 405 
464 128 224 59 678 225 490 491 205 334 781 208 287 690 83 628 979 672 412 650 990 895 
465 386 521 781 529 660 663 284 926 35 808 951 56 186 827 194 77 463 977 466 477 96 99 740 615 623 
466 899 261 393 395 782 17 795 800 805 678 424 43 184 186 445 706 67 842 465 981 854 349 742 999 750 631 123 
467 775 904 653 273 796 288 935 425 428 46 47 55 59 444 544 98 540 735 354 228 613 998 359 
468 896 833 162 804 936 939 354 303 721 690 755 692 501 119 473 500 538 463 60 884 
469 598 135 12 400 661 664 538 26 415 34 550 940 690 434 950 441 314 74 715 930 975 80 338 852 214 87 729 609 487 361 748 111 
470 256 580 246 966 519 809 792 843 716 237 334 877 497 50 242 854 281 615 345 123 862 
471 547 356 246 935 9 487 109 623 273 402 25 626 982 537 24 452 511 395 638 956 543 
472 736 1 34 35 517 65 840 585 299 494 79 227 660 887 122 899 509 
473 352 609 386 960 357 139 845 141 786 915 468 610 381 632 896 813 447 61 901 
474 257 44 912 660 238 795 156 930 39 428 814 179 521 320 589 856 859 732 990 357 494 118 
475 4 782 399 19 345 283 413 293 811 694 183 570 74 842 725 854 996 988 97 740 615 510 118 377 126 639 
476 3 133 521 910 271 272 927 32 811 303 438 572 672 834 339 86 727 88 869 103 873 880 117 765 
477 962 323 996 421 337 651 493 782 433 465 51 974 598 875 505 250 955 965 
478 19 898 611 324 133 904 394 651 47 496 338 595 485 790 739 376 740 58 861 926 543 
479 640 417 323 741 456 169 778 758 463 752 712 155 950 88 378 495 990 351 
480 128 1 514 385 648 401 280 413 680 940 305 184 69 72 74 593 210 723 856 860 861 353 102 490 766 
481 768 258 963 86 104 297 994 462 209 788 342 247 218 732 570 191 
482 521 650 600 531 151 923 796 925 798 33 418 180 54 187 10 705 451 324 965 844 802 973 336 81 84 88 744 19 888 253 895 
483 784 20 664 541 419 38 295 937 562 183 184 318 195 207 983 736 865 355 236 239 250 382 
484 387 11 781 147 789 29 290 293 166 938 567 452 457 76 461 856 217 346 350 992 999 748 631 121 
485 128 225 387 293 262 502 683 726 146 211 245 534 478 25 507 124 768 
486 33 450 580 86 487 937 843 685 174 527 944 50 629 726 184 538 667 124 447 
487 133 394 525 911 914 665 410 292 168 303 563 820 693 953 444 957 194 835 965 781 469 471 706 347 486 880 757 
488 876 658 789 796 670 36 299 812 561 702 70 202 78 79 857 347 989 355 356 620 750 759 
489 961 772 69 390 903 970 271 80 819 596 48 250 828 543 
490 772 707 22 675 807 809 42 60 963 581 460 464 978 85 855 607 480 614 879 114 883 116 554 
491 641 514 6 787 793 154 926 289 549 550 554 45 819 704 75 464 81 601 494 381 499 765 
492 225 147 197 712 380 95 139 173 526 301 80 370 211 53 118 306 249 251 850 62 837 
493 193 68 5 999 936 105 684 477 822 983 985 571 964 988 382 543 
494 133 527 406 281 794 924 925 419 810 428 814 797 953 954 581 584 723 472 89 474 491 499 120 
495 578 387 868 102 326 872 73 61 365 28 335 145 681 825 668 541 540 479 
496 128 520 778 144 788 406 681 812 819 568 963 591 92 849 727 604 478 225 226 611 612 878 111 624 660 765 
497 789 924 671 35 165 422 299 568 825 187 196 709 74 588 974 463 696 723 596 470 719 236 366 370 371 246 
498 194 419 4 741 518 714 300 866 177 739 628 803 925 
499 491 35 164 70 454 572 10 299 76 45 494 685 403 244 248 985 851 847 860 127 166 
500 260 778 397 400 146 286 163 804 552 813 197 680 594 99 468 601 866 739 746 753 766 248 894 
501 448 441 546 677 328 521 237 45 784 189 147 468 885 119 568 793 826 509 122 397 
502 215 403 21 663 795 413 158 419 53 411 565 539 453 710 715 726 599 728 94 485 614 373 
503 192 229 326 366 567 302 144 884 725 726 407 127 697 885 119 892 377 
504 192 962 291 388 901 231 226 300 34 399 337 850 19 916 757 836 190 853 
505 800 161 235 324 529 329 138 715 750 477 928 689 403 89 375 787 281 539 860 541 318 
506 33 962 582 737 60 362 844 98 430 589 144 689 18 852 527 601 47 892 765 
507 996 485 774 535 938 523 654 80 977 851 533 791 792 761 411 604 63 
508 321 393 143 660 22 920 420 806 423 687 947 705 707 227 965 582 594 595 355 632 916 379 
509 833 34 6 623 553 55 974 335 752 472 402 83 501 521 696 891 29 766 425 
510 544 65 515 388 358 743 845 814 115 820 117 475 573 830 341 
511 1 471 657 281 285 420 165 809 819 61 453 72 846 850 725 983 732 226 230 874 363 122 
512 641 907 140 912 529 917 283 926 41 943 816 180 566 183 569 698 59 198 458 461 973 212 598 953 344 102 
513 160 835 132 325 230 839 584 169 79 157 91 691 20 788 59 317 542 95 
514 480 672 997 167 252 491 204 335 338 188 823 825 410 763 764 285 559 639 
515 386 795 709 166 199 364 906 811 647 109 558 253 17 339 894 214 510 921 955 554 734 
516 669 833 695 846 326 550 967 232 747 653 878 655 774 430 983 666 818 733 286 5 
517 608 353 932 968 681 650 669 530 83 407 472 153 379 124 989 637 
518 960 691 323 774 166 552 330 717 142 434 498 627 821 23 248 91 316 703 30 799 
519 898 278 326 743 296 361 460 463 880 530 414 470 713 664 538 636 669 670 
520 344 496 43 293 966 617 362 203 695 592 209 50 246 905 824 395 605 389 
521 672 194 131 37 70 584 60 778 178 509 465 274 227 501 482 771 474 476 298 190 415 
522 901 782 272 537 665 29 31 161 163 293 681 432 955 317 447 576 193 198 328 76 723 211 628 629 121 126 
523 782 147 545 678 552 306 182 188 189 959 576 929 974 340 89 859 358 232 110 245 852 507 
524 834 987 4 155 872 683 812 816 563 627 596 345 251 892 
525 771 786 148 22 544 162 753 552 427 558 433 705 584 585 976 219 800 487 105 366 369 890 
526 132 901 903 139 784 660 277 260 154 928 931 169 939 301 565 183 187 445 454 75 77 219 93 492 237 628 758 119 
527 384 132 390 486 391 665 729 621 494 661 850 85 759 760 889 506 709 
528 385 322 459 646 839 584 747 688 351 307 660 803 760 377 154 31 956 979 607 
529 256 512 900 905 10 13 143 534 408 545 679 689 178 76 465 725 505 399 223 869 747 629 630 121 250 
530 772 517 519 143 656 900 286 33 290 163 932 680 220 903 957 66 709 969 205 208 342 860 100 747 252 
531 646 263 905 394 21 285 804 423 434 563 56 572 961 197 713 587 716 855 346 482 742 999 188 622 917 
532 35 387 31 261 167 968 860 567 451 815 80 419 692 982 759 857 539 924 637 803 863 
533 321 802 187 438 566 422 807 908 406 887 728 89 507 677 
534 17 147 661 920 303 798 159 559 693 566 313 223 450 451 838 71 712 841 852 603 605 863 485 529 367 881 
535 226 411 647 904 937 362 50 302 431 402 21 695 591 507 426 917 
536 641 290 387 33 177 10 427 785 303 27 913 658 220 277 630 183 120 850 90 431 828 
537 3 260 905 522 11 277 918 542 35 943 692 442 317 192 194 585 460 848 471 358 102 745 253 113 873 891 637 
538 288 193 802 587 709 486 519 683 994 335 152 806 468 469 577 567 278 697 571 350 409 
539 447 871 660 298 44 13 434 627 532 885 502 505 344 819 923 650 126 149 
540 91 964 261 456 937 331 190 78 495 112 152 467 21 150 919 184 566 559 956 701 348 
541 258 387 773 10 160 547 809 46 564 949 956 203 81 980 985 730 732 734 483 495 753 117 505 764 381 255 
542 513 35 293 711 104 382 587 248 146 979 596 693 983 824 537 123 636 670 127 
543 800 259 324 229 471 903 680 489 715 748 493 557 977 211 759 847 60 605 478 
544 642 323 391 41 330 525 746 467 404 675 438 312 347 635 938 510 383 
545 258 43 523 909 529 276 921 154 925 671 162 682 939 823 829 580 69 76 333 87 619 624 116 889 916 893 
546 4 901 135 401 772 795 159 290 40 391 430 958 966 720 729 604 737 227 105 880 372 501 
547 865 961 395 678 103 296 618 875 844 701 272 872 948 373 471 408 826 541 106 94 127 
548 160 737 66 356 934 551 156 74 427 44 354 807 960 54 631 600 836 959 376 190 917 
549 291 133 201 138 971 751 19 373 662 279 856 819 851 447 92 586 126 491 
550 1 516 136 265 917 553 170 823 952 839 592 739 469 985 604 995 868 491 878 629 763 893 
551 32 768 643 548 182 864 714 780 144 241 594 596 976 22 631 644 317 446 197 
552 129 518 264 10 523 525 782 912 819 92 433 179 821 570 831 321 325 715 220 989 990 609 867 625 500 376 
553 612 550 134 583 40 221 10 587 204 573 337 882 564 661 598 793 415 859 509 861 
554 515 4 8 273 914 787 790 282 413 491 417 170 51 564 695 184 57 186 61 453 74 490 875 879 369 371 244 
555 383 642 27 453 146 744 844 748 397 14 338 403 628 565 151 754 755 831 862 639 
556 896 641 101 146 178 938 683 749 334 781 338 788 279 127 441 47 318 377 
557 0 672 451 662 614 328 236 178 936 306 694 890 347 828 605 768 543 
558 130 515 653 142 785 280 668 48 419 176 306 437 314 886 714 75 525 986 734 226 873 242 758 
559 514 778 143 659 534 540 797 427 687 434 52 184 569 828 715 353 75 978 339 985 862 993 231 361 851 756 638 
560 579 676 293 379 41 74 622 434 675 564 181 916 410 595 828 958 
561 257 356 135 232 156 138 647 428 942 353 488 980 601 761 985 955 281 830 751 
562 706 163 453 70 273 328 11 76 591 369 483 189 599 184 90 168 151 445 637 
563 160 704 99 709 487 969 524 906 903 812 973 333 337 210 531 919 569 633 943 273 185 
564 641 13 146 275 541 553 554 44 560 822 57 443 572 61 584 339 596 859 995 869 743 874 376 
565 526 143 17 424 555 942 181 825 573 318 834 758 204 462 338 851 655 95 992 998 364 296 502 895 383 
566 512 534 395 533 22 281 540 802 297 174 303 698 59 323 75 972 729 730 94 748 757 121 254 255 
567 656 484 837 619 45 848 977 115 532 574 503 216 538 347 986 702 319 
568 64 388 907 908 148 670 38 937 940 701 576 462 339 213 861 746 750 111 496 497 501 758 761 252 767 
569 224 512 66 228 166 437 41 43 354 718 397 881 722 563 245 54 152 782 559 850 962 
570 775 406 286 419 933 241 552 687 827 956 475 334 82 723 718 983 731 95 481 747 296 247 
571 449 965 710 263 809 76 301 493 976 273 21 310 921 624 538 989 670 223 
572 264 531 922 925 681 427 564 195 197 711 845 983 730 476 378 350 224 617 499 245 233 762 251 
573 385 226 611 806 353 553 241 977 565 215 510 763 894 757 
574 390 38 31 307 586 23 620 13 818 339 567 184 793 735 893 830 601 
575 131 261 647 106 332 974 255 176 371 596 277 665 852 697 981 187 793 990 5 
576 645 522 523 796 286 677 934 936 297 43 371 568 577 579 68 713 207 852 982 618 748 115 757 
577 576 187 618 423 298 203 590 879 944 56 917 665 216 825 666 283 538 671 
578 22 263 265 779 662 151 239 31 672 674 805 40 941 814 645 182 841 845 848 978 86 868 750 495 370 761 126 
579 576 194 683 69 838 17 810 971 332 560 625 663 57 701 126 383 
580 32 128 457 771 68 613 486 545 265 394 107 461 175 993 877 470 599 92 157 
581 673 98 840 490 108 242 494 303 287 945 82 878 920 27 927 
582 96 163 902 748 780 205 398 141 208 895 242 301 89 105 697 506 428 508 239 377 
583 784 835 868 305 168 553 394 247 141 848 369 695 745 283 828 862 
584 513 388 902 903 521 525 654 528 292 679 808 760 564 439 67 717 461 849 725 226 494 117 248 
585 324 999 648 266 525 718 623 114 371 302 537 472 729 127 185 181 
586 769 133 394 907 398 783 403 20 549 937 940 948 187 574 324 71 717 654 864 358 103 631 379 383 
587 4 902 779 141 273 402 531 920 538 542 31 932 553 941 176 439 185 334 847 594 462 886 248 890 636 
588 1 258 440 871 72 812 973 623 450 808 18 497 884 245 952 153 286 702 
589 608 800 323 69 43 109 50 723 245 726 89 474 700 506 798 
590 672 577 771 705 169 362 215 29 909 302 463 856 115 276 245 375 920 217 970 926 
591 992 417 675 902 329 87 844 562 496 81 690 854 535 792 89 347 123 988 
592 609 610 229 550 641 520 201 306 904 882 597 695 923 766 
593 480 418 967 361 647 876 397 303 208 373 22 879 277 
594 288 129 363 357 551 729 587 204 653 819 500 790 887 756 508 29 709 
595 7 777 779 23 927 304 162 803 167 684 560 181 954 699 708 748 198 331 717 478 101 876 117 508 
596 906 524 401 915 542 551 432 819 564 444 575 835 460 206 722 633 997 102 489 497 659 247 377 
597 257 9 911 708 28 669 675 796 170 941 185 315 830 706 68 456 329 592 722 723 988 94 224 872 622 760 
598 512 266 404 921 553 42 431 57 954 906 326 850 980 469 88 89 477 742 743 240 626 119 633 635 254 
599 627 441 994 260 710 871 339 747 663 562 51 502 953 580 410 
600 768 226 396 782 786 154 415 548 805 295 814 48 50 819 821 187 195 455 200 76 205 850 348 482 101 369 244 891 382 
601 156 987 677 296 41 561 178 691 190 455 712 215 91 874 491 624 754 500 574 506 251 200 382 
602 695 195 966 454 457 938 203 204 269 142 813 244 78 905 798 217 879 668 970 894 117 
603 386 392 267 148 789 534 290 39 425 429 687 904 960 65 450 338 223 992 743 679 243 887 126 
604 275 917 546 550 41 442 60 62 962 67 72 715 850 728 349 222 609 996 873 877 496 371 248 507 636 382 383 
605 641 520 777 139 15 147 534 25 29 543 801 808 684 557 942 176 821 267 839 334 399 606 238 245 761 
606 128 224 130 934 747 290 686 946 854 664 987 892 605 991 
607 528 3 421 263 40 169 490 747 301 624 712 611 935 203 689 925 673 
608 928 194 389 166 828 424 201 458 589 430 15 851 276 823 920 378 283 265 517 
609 398 656 281 925 552 50 178 191 192 325 966 971 845 592 980 469 473 986 604 93 747 244 383 
610 384 353 899 612 678 198 748 592 337 155 960 185 473 90 283 828 126 223 
611 684 30 673 937 810 172 437 573 324 710 74 76 334 984 478 607 357 809 829 496 375 376 254 
612 96 496 610 459 198 553 779 620 941 876 688 82 179 852 313 857 668 702 
613 803 580 645 710 776 940 158 381 784 467 277 278 934 217 826 733 862 
614 3 900 394 400 17 664 286 170 557 687 177 822 823 197 979 735 502 490 751 626 246 634 426 767 
615 193 835 197 774 705 470 874 267 754 14 111 465 18 243 117 630 87 698 475 828 741 
616 647 393 10 918 795 33 667 295 41 939 176 817 56 831 323 71 713 202 82 215 858 861 742 236 115 191 895 
617 291 260 520 28 459 623 272 754 771 852 117 22 345 184 857 923 572 
618 256 133 142 23 34 547 420 166 56 827 576 577 374 867 727 99 107 622 113 630 251 767 
619 672 545 294 816 567 189 711 970 849 980 982 91 864 865 354 107 365 752 241 372 121 639 
620 4 136 137 654 655 788 925 34 35 166 430 309 265 185 574 326 977 850 228 732 98 612 999 488 746 879 887 636 894 
621 865 994 347 36 165 426 395 333 974 271 112 436 53 86 247 58 527 285 677 
622 768 643 265 531 916 68 924 158 560 184 191 836 630 972 597 345 103 618 108 886 319 725 
623 675 772 293 294 8 617 714 907 588 971 144 465 242 585 709 325 509 471 
624 385 134 787 918 665 411 668 925 158 545 803 45 432 185 571 707 967 841 981 601 607 101 233 876 496 885 887 767 
625 384 800 579 849 552 297 42 748 685 238 109 432 168 755 173 232 863 
626 289 375 614 775 275 204 42 306 332 877 687 818 339 598 471 858 31 
627 866 131 518 807 939 524 109 987 429 629 118 599 347 539 764 
628 320 208 291 645 433 522 555 76 695 526 847 464 785 498 276 718 235 215 933 
629 0 522 15 529 279 29 550 172 431 819 314 956 835 837 456 973 851 212 343 348 58 486 870 627 244 885 
630 67 278 615 168 618 622 529 882 373 86 759 536 57 954 
631 388 10 267 783 147 277 152 132 928 548 933 551 115 692 437 778 67 329 586 466 484 741 870 779 873 235 879 112 755 382 
632 896 130 227 420 358 264 412 906 110 751 328 852 473 824 740 666 508 94 
633 705 642 227 964 8 682 459 876 451 817 563 436 149 598 184 596 346 796 830 
634 323 614 266 398 847 337 931 660 942 439 25 28 894 639 
635 544 673 419 932 743 74 237 819 598 56 831 
636 225 34 3 220 519 169 810 171 620 654 113 404 542 649 587 185 737 604 833 
637 0 112 227 517 43 108 973 77 13 752 241 562 211 532 537 180 313 
638 674 451 357 6 682 311 76 654 143 945 882 838 974 471 728 88 559 284 443 350 447 
639 514 389 770 17 790 664 25 154 157 679 555 172 29 696 321 964 966 209 850 851 852 475 273 619 881 248 634 
640 768 774 775 926 416 167 174 947 53 444 189 454 969 331 716 973 337 339 479 354 100 849 188 123 
641 512 3 393 782 148 917 536 939 556 564 828 318 831 458 976 605 735 592 106 491 749 113 754 120 
642 224 544 194 195 260 76 555 748 685 141 179 373 87 248 633 666 143 125 661 
643 83 773 551 275 265 743 622 720 888 882 371 245 22 984 447 863 
644 783 144 918 664 795 285 33 163 551 813 430 437 182 963 965 858 374 747 364 881 757 886 126 
645 576 769 578 292 613 81 369 297 299 76 674 381 913 628 405 940 804 91 964 452 
646 448 736 802 870 897 232 204 330 908 435 367 528 850 531 917 410 79 445 735 929 
647 897 898 515 662 535 926 43 684 302 561 434 183 61 575 972 462 848 593 990 616 361 374 
648 256 480 585 427 941 48 273 981 54 247 249 703 
649 226 836 709 966 456 265 87 750 847 968 756 905 911 636 413 997 
650 464 194 91 517 337 744 265 202 482 944 945 434 86 539 988 74 702 
651 833 455 747 14 399 785 274 789 984 478 847 477 280 
652 961 834 3 68 134 777 330 11 939 142 83 238 406 185 984 420 287 994 
653 803 516 165 241 744 156 778 434 142 701 40 594 467 558 885 888 699 959 924 234 312 
654 0 64 507 933 97 584 329 586 620 781 208 147 692 94 425 346 731 636 638 800 
655 385 516 166 198 743 232 871 620 205 727 879 712 148 565 791 952 793 891 285 
656 0 609 387 4 901 70 172 567 876 146 750 178 659 342 983 771 185 530 926 
657 672 321 130 35 6 359 684 781 334 269 241 243 511 333 855 827 865 
658 960 163 772 665 328 137 172 78 431 488 712 115 309 790 695 536 332 250 29 989 126 
659 740 809 559 656 722 275 596 437 180 255 915 925 670 853 
660 256 526 528 539 453 300 813 48 178 823 186 59 60 192 67 837 200 841 203 845 465 472 474 993 227 875 496 882 634 508 
661 642 919 258 782 527 144 534 791 926 675 553 817 51 952 830 724 469 217 863 993 98 101 360 744 116 757 
662 800 578 931 773 678 647 428 10 549 716 557 177 24 856 29 214 407 792 923 317 182 
663 134 7 396 145 404 30 159 51 438 824 189 833 579 721 212 86 599 730 20 735 741 230 465 232 242 502 761 
664 644 7 976 155 924 286 674 796 391 940 816 693 188 448 848 469 606 80 483 868 614 519 109 755 639 
665 577 707 357 487 72 297 522 171 338 527 624 913 658 789 681 219 575 
666 577 642 963 516 38 705 200 23 172 237 685 689 373 983 632 996 126 
667 772 773 390 780 146 921 900 28 158 672 39 821 58 456 457 842 973 80 979 87 88 486 616 
668 909 146 789 154 28 682 558 175 944 702 453 199 720 977 725 602 612 337 233 876 238 495 624 369 766 
669 516 517 519 777 779 269 25 924 926 300 430 178 435 696 829 831 967 597 984 986 731 736 
670 256 35 251 198 519 488 823 685 80 786 163 659 219 279 568 314 571 28 542 715 
671 545 995 230 577 712 777 298 363 877 497 434 967 792 729 186 989 280 
672 514 521 138 15 657 279 27 667 296 298 557 697 578 197 973 590 464 983 476 102 619 753 373 766 
673 768 33 67 581 737 233 266 76 611 9 341 118 951 315 635 411 874 607 
674 279 208 578 35 645 326 40 937 912 140 397 880 72 707 439 664 249 638 
675 416 544 99 4 441 31 490 909 591 272 661 560 24 953 922 623 964 830 597 
676 385 2 869 275 395 782 560 209 211 798 182 247 698 699 915 862 287 
677 1 2 257 776 265 909 533 22 942 688 945 180 769 714 576 833 69 454 328 970 81 601 737 872 621 501 251 
678 899 7 523 274 662 151 283 418 419 328 690 179 314 411 701 958 117 64 193 712 610 464 466 547 866 750 245 118 
679 391 529 792 795 157 159 167 42 584 310 183 318 840 458 334 975 728 603 229 999 232 124 639 
680 480 866 70 104 298 750 239 336 530 500 974 543 984 413 379 778 894 895 
681 129 772 517 522 401 920 665 411 414 287 298 304 572 61 459 973 338 212 94 99 359 495 496 340 763 
682 545 930 195 873 668 429 819 283 633 315 828 638 127 
683 192 960 290 579 900 485 524 906 843 556 846 221 809 538 703 954 442 
684 611 71 360 235 300 493 711 605 657 595 350 55 826 753 647 190 995 
685 864 353 642 960 486 199 169 202 939 877 625 978 499 670 439 825 666 249 834 55 
686 387 264 777 272 277 917 281 796 838 424 306 436 309 190 326 327 78 988 606 102 744 123 149 
687 256 391 142 149 151 329 803 804 810 775 559 439 185 570 837 198 455 841 973 977 211 697 603 862 225 230 614 626 508 
688 612 677 359 296 700 42 204 974 879 528 776 853 246 888 249 58 191 732 286 821 
689 529 149 152 666 411 158 297 309 695 954 67 73 331 463 724 855 607 224 868 372 505 506 127 
690 0 259 394 271 678 175 946 189 830 64 706 837 201 591 464 337 468 341 97 294 849 884 246 469 
691 992 513 98 518 38 359 968 234 331 909 81 178 339 83 601 287 
692 6 142 911 786 532 149 537 411 417 170 828 962 468 654 121 860 97 229 742 631 788 763 21 
693 736 739 534 487 109 238 152 212 853 694 664 186 828 413 542 
694 224 352 772 293 750 712 557 718 367 49 302 212 981 854 375 25 346 475 798 693 
695 516 583 456 554 263 301 847 592 520 658 253 628 821 535 440 441 602 796 346 689 
696 384 289 802 451 326 743 235 273 269 509 497 818 756 122 311 25 90 639 189 669 
697 320 33 194 931 292 582 672 712 873 715 386 14 79 503 538 452 890 687 58 254 575 
698 192 512 898 676 150 994 929 744 423 461 878 273 947 566 279 615 979 741 
699 128 417 706 676 399 19 17 813 653 303 595 20 374 984 185 415 731 925 979 895 
700 339 194 362 589 783 688 849 51 438 824 441 827 189 447 
701 3 261 904 300 908 780 653 274 540 415 547 678 172 49 568 957 579 713 952 980 981 106 886 
702 192 386 67 612 805 134 423 488 650 775 588 744 310 16 776 871 918 567 883 668 958 
703 395 357 518 423 648 266 683 849 773 855 190 799 
704 64 801 195 455 748 426 491 812 173 941 563 853 707 803 410 92 
705 800 80 482 133 615 816 525 590 207 784 946 334 342 407 856 633 666 508 318 277 
706 266 783 407 411 155 41 810 44 690 562 179 394 184 953 699 906 958 453 329 466 213 345 219 734 487 82 880 247 248 597 
707 704 832 674 771 295 80 665 490 279 125 624 931 823 920 787 826 283 508 186 350 
708 108 787 30 34 810 942 49 183 64 837 454 77 846 339 597 995 998 876 595 121 891 895 
709 897 515 649 527 272 563 530 151 538 802 163 815 72 307 56 185 834 328 331 720 594 623 497 122 
710 34 611 613 70 296 502 813 91 902 599 571 732 63 
711 352 929 145 73 619 684 783 977 371 841 442 572 542 
712 390 492 267 655 146 534 792 27 799 678 169 44 694 952 697 954 671 447 324 842 479 717 718 337 82 853 601 607 864 100 104 874 748 658 
713 256 576 803 197 519 616 873 435 402 531 899 701 287 
714 865 68 37 551 840 777 362 268 910 623 216 498 319 558 214 215 440 677 918 725 
715 195 356 902 999 552 266 107 110 559 209 211 885 502 505 440 697 186 543 604 670 469 
716 640 662 390 8 778 531 918 282 28 26 425 298 301 432 957 70 973 470 856 93 228 122 382 
717 352 225 859 835 420 997 518 423 584 586 205 751 712 595 436 884 250 737 899 991 
718 32 96 229 392 585 140 175 143 945 114 628 885 694 201 120 569 570 297 712 
719 97 994 155 8 138 237 143 497 904 894 187 28 990 991 
720 865 322 67 147 709 998 872 876 546 783 323 643 917 758 90 668 218 150 
721 257 259 388 69 439 463 849 67 468 190 663 761 921 345 956 350 885 
722 96 354 75 967 842 395 847 659 596 597 83 569 127 117 
723 522 918 155 941 456 570 956 62 352 322 838 840 589 975 211 597 220 480 993 99 230 877 494 752 497 243 
724 160 801 827 836 421 966 743 91 940 267 268 13 689 274 436 309 758 868 251 861 661 
725 108 143 529 786 147 814 668 799 42 942 307 181 439 584 714 981 475 362 236 622 503 511 
726 11 278 922 155 284 813 188 74 195 841 842 589 846 212 858 351 485 486 239 371 502 503 253 
727 256 777 142 655 912 917 921 802 815 958 839 202 205 80 855 476 95 352 618 876 750 496 117 21 
728 898 855 13 19 533 918 679 429 52 310 315 200 201 983 217 347 604 990 352 884 502 638 383 
729 736 864 546 411 585 527 912 594 339 469 566 827 988 413 671 
730 160 240 196 566 263 456 572 541 752 213 790 663 260 826 732 58 901 
731 831 388 742 173 78 977 850 20 654 119 120 570 699 669 734 917 
732 774 620 474 944 419 804 43 541 688 305 953 62 832 69 710 978 344 730 859 481 994 356 236 958 511 
733 129 802 995 324 613 769 968 329 746 11 812 206 982 961 516 862 
734 515 902 9 782 15 541 927 34 936 173 558 968 309 182 312 437 706 328 847 341 731 92 98 123 981 
735 641 107 646 614 455 905 203 140 306 462 17 754 467 663 574 
736 768 34 3 54 646 455 201 106 363 143 17 402 483 693 342 472 729 271 924 669 394 
737 278 6 266 270 405 150 920 26 673 802 548 677 171 175 818 310 442 546 717 983 857 119 506 636 
738 353 443 998 230 363 877 783 85 25 463 885 
739 832 992 3 36 837 550 63 937 82 206 498 500 693 89 762 895 478 853 
740 64 225 866 259 36 997 168 14 848 465 659 212 632 953 218 475 29 478 
741 267 270 920 787 663 24 153 159 162 164 43 498 698 458 332 976 82 853 218 479 615 233 106 752 114 631 121 382 
742 96 323 196 455 616 906 75 18 816 881 466 531 692 598 868 731 349 31 
743 770 643 261 774 519 14 655 272 153 43 172 564 949 696 327 200 724 598 983 603 225 996 109 883 635 510 895 
744 416 161 482 555 229 650 811 653 686 661 149 983 312 698 702 767 
745 107 747 229 583 843 780 178 78 239 912 120 210 323 52 462 216 537 947 436 
746 16 914 404 789 790 544 38 43 813 815 823 568 76 977 219 988 733 222 620 146 115 500 122 253 
747 516 651 14 528 529 530 915 110 644 34 429 306 570 863 958 63 802 211 599 606 607 609 354 745 109 878 760 
748 704 642 387 64 405 791 543 35 936 425 170 555 48 566 953 60 576 194 582 97 712 203 978 595 469 993 610 484 880 625 370 760 
749 256 641 100 454 200 203 556 831 111 440 313 795 92 221 991 
750 391 649 400 280 678 680 425 305 694 568 314 319 578 325 74 334 848 184 466 979 727 856 985 222 656 994 81 488 877 232 114 505 122 
751 34 549 614 753 425 57 171 461 141 913 866 561 333 365 632 120 922 127 442 717 917 
752 450 741 839 619 204 930 637 723 406 730 509 988 285 479 
753 672 33 346 69 929 684 173 302 525 848 253 52 790 952 500 90 751 444 541 768 965 
754 641 258 135 140 927 800 290 419 555 58 68 208 211 854 215 7 601 221 735 999 617 615 383 
755 262 268 141 664 794 285 325 800 805 555 45 820 159 61 965 207 849 468 223 99 110 625 631 
756 0 898 4 649 912 791 31 37 809 942 559 696 313 190 64 193 196 594 293 865 867 231 871 
757 576 644 421 487 264 874 427 332 775 83 180 661 182 311 504 566 858 251 573 158 
758 128 133 526 149 150 934 809 558 565 568 831 192 454 199 720 724 988 479 869 870 120 377 125 
759 800 259 229 934 263 488 205 527 848 771 532 630 183 852 924 893 543 
760 203 327 584 747 748 210 335 528 241 946 339 820 597 343 377 527 135 819 
761 260 912 663 418 39 605 561 53 568 313 191 578 206 721 851 341 988 817 507 997 762 885 122 831 
762 123 129 322 739 996 961 297 267 771 916 281 920 761 411 572 349 
763 514 17 966 550 113 681 382 302 432 913 692 341 215 377 948 988 573 958 351 
764 224 272 162 196 179 902 849 514 336 881 210 627 220 541 927 
765 112 259 132 133 806 903 936 242 874 491 109 302 301 496 978 403 410 476 506 
766 924 672 930 668 244 187 352 69 975 592 981 313 221 480 225 232 240 242 115 500 247 377 509 894 
767 384 388 133 134 164 945 568 314 450 458 81 342 93 222 867 614 744 618 235 624 872 118 376 
768 640 899 261 902 11 366 673 293 551 171 557 180 950 826 960 962 963 197 458 600 221 736 481 868 485 622 753 
769 733 291 645 937 586 459 397 399 344 843 884 249 408 88 347 253 677 
770 832 418 315 838 743 296 458 427 255 15 392 399 343 345 379 842 254 639 
771 903 393 525 656 30 805 166 39 296 521 445 320 707 580 590 79 209 850 97 617 978 371 759 762 
772 546 995 667 389 966 903 872 489 490 658 877 333 530 149 694 681 121 442 623 413 190 
773 161 667 391 200 91 159 366 818 643 662 87 344 378 315 541 703 
774 640 866 459 516 518 135 939 743 54 615 153 955 732 507 
775 640 385 898 49 937 702 687 145 626 467 852 757 856 314 895 881 570 62 53 
776 613 230 199 329 807 236 910 688 677 338 979 180 885 441 411 157 702 927 
777 419 292 276 840 714 652 270 669 176 595 20 686 727 249 859 28 330 605 671 
778 103 136 521 375 716 653 302 559 496 680 434 500 840 631 180 89 479 
779 48 226 612 453 870 39 587 354 669 272 280 595 578 855 344 631 155 829 
780 390 267 909 274 25 667 293 551 51 56 187 701 582 200 74 952 978 987 991 745 363 829 368 
781 279 129 484 487 332 919 556 13 654 464 945 465 402 887 657 836 413 981 
782 641 522 267 908 402 19 148 661 921 676 293 39 552 428 181 569 445 449 523 457 466 85 600 475 477 734 229 865 997 119 
783 272 2 738 228 421 102 711 328 340 586 631 706 431 720 948 823 644 316 932 700 345 
784 65 483 277 613 583 136 284 458 331 364 526 241 820 805 501 793 705 315 828 895 
785 896 834 228 854 903 651 558 954 112 536 628 93 967 999 792 982 152 156 157 31 
786 130 803 260 790 838 423 875 525 272 344 123 692 725 406 919 600 473 54 670 
787 235 708 741 359 554 491 172 942 15 624 850 211 462 406 505 804 250 707 797 
788 692 161 481 556 10 620 496 115 513 853 150 820 244 893 
789 904 746 651 152 665 668 162 305 54 444 331 844 986 603 862 484 488 105 106 875 497 374 119 125 127 
790 960 324 753 969 554 268 658 977 786 594 17 24 88 56 89 730 28 746 478 639 
791 259 655 274 661 30 928 966 822 953 74 190 450 964 326 455 458 331 82 211 230 999 748 978 756 507 
792 265 785 404 662 27 671 805 679 839 948 56 188 321 198 327 712 202 845 591 83 470 860 228 240 375 889 507 
793 96 292 325 199 553 170 491 461 941 784 501 854 7 575 813 655 842 574 997 
794 355 4 326 40 905 299 237 494 239 433 210 243 56 405 755 280 442 395 317 
795 515 644 391 546 804 679 298 428 50 181 440 188 317 448 201 209 466 474 616 749 502 889 
796 9 394 664 28 802 686 431 945 819 310 695 58 576 452 482 847 467 597 217 354 996 488 117 633 
797 896 70 360 908 494 559 401 18 787 244 120 57 
798 482 676 22 73 459 44 205 429 80 241 694 204 602 534 858 923 828 861 589 991 
799 448 867 293 518 444 232 329 74 140 238 712 946 947 725 438 343 25 891 460 345 703 
800 321 392 525 654 271 662 27 543 34 293 180 822 189 830 705 969 842 589 209 466 851 860 231 625 754 755 759 505 
801 32 128 132 397 80 978 724 950 185 52 154 704 605 
802 646 215 273 533 538 796 285 926 415 166 425 566 696 314 956 829 191 709 727 733 737 482 229 747 366 
803 396 653 528 786 532 26 930 933 814 687 61 704 838 713 206 141 595 222 613 624 498 254 
804 225 66 101 809 874 687 337 531 500 855 248 468 217 795 732 970 787 645 
805 578 771 457 29 784 600 466 51 755 792 152 93 702 
806 290 457 12 45 386 573 816 145 20 821 86 216 538 315 508 765 
807 0 548 6 776 362 847 305 627 533 56 248 26 490 191 
808 588 929 901 273 584 297 971 876 844 465 339 846 150 873 986 605 
809 571 386 659 405 541 804 817 168 298 683 305 116 187 970 470 347 351 611 105 490 756 117 758 124 511 
810 10 277 154 420 166 424 298 687 946 436 59 706 579 708 330 846 221 611 998 494 373 636 382 917 
811 955 744 908 46 944 59 515 823 25 154 475 476 858 315 863 
812 8 11 524 16 145 919 927 38 173 563 950 831 704 961 588 462 79 984 733 488 370 496 114 244 885 
813 473 59 356 710 231 73 746 171 500 945 209 660 726 793 644 186 699 602 
814 320 578 803 357 38 841 382 462 239 400 835 494 600 510 474 156 830 725 
815 288 68 709 362 727 972 365 270 909 532 885 951 953 943 746 
816 512 235 449 265 394 524 911 664 291 806 177 316 319 705 226 846 977 86 346 96 97 994 742 619 110 864 
817 355 870 633 616 809 74 460 45 943 947 21 457 280 761 890 661 
818 737 516 773 168 105 906 94 941 431 152 626 917 854 937 696 953 189 574 895 
819 386 6 146 120 154 539 796 418 549 552 682 49 67 968 975 849 594 596 343 600 988 864 489 874 491 496 629 760 635 200 511 
820 5 784 788 408 156 48 181 954 64 963 455 456 460 333 215 89 487 877 755 760 125 510 
821 144 163 868 806 518 552 873 463 688 977 51 944 695 600 667 188 605 979 
822 800 33 386 5 326 135 23 428 614 270 493 147 564 277 791 980 988 845 
823 514 908 783 660 277 151 154 670 415 545 162 550 811 65 707 72 211 85 216 608 993 614 746 375 892 893 
824 416 866 163 520 845 112 968 291 884 213 663 632 57 90 700 542 
825 577 514 166 871 169 875 12 685 495 497 210 404 565 55 159 348 255 
826 768 449 547 613 81 268 364 223 684 849 850 707 501 928 119 730 315 890 831 
827 257 657 274 20 281 291 40 426 435 309 953 570 700 829 830 193 962 323 456 465 724 729 218 868 102 618 378 
828 257 641 9 267 268 784 536 798 682 583 557 559 560 692 693 321 327 972 850 83 343 218 608 610 357 615 489 886 249 
829 779 780 923 669 545 802 35 38 50 441 827 321 196 226 78 982 219 98 611 103 890 893 
830 133 661 416 675 814 561 690 827 574 800 836 202 205 207 850 597 351 868 872 246 633 510 
831 641 299 278 409 24 281 669 158 552 555 812 49 826 374 70 458 846 731 616 749 758 761 635 254 
832 416 225 770 195 372 95 299 909 112 146 739 84 707 920 377 987 732 995 
833 160 960 130 35 516 677 80 92 651 663 290 432 919 468 951 152 992 636 509 126 447 
834 96 859 68 709 241 524 306 652 685 302 879 785 978 565 920 152 987 476 849 
835 513 866 996 583 296 487 717 814 175 184 211 148 629 182 344 596 443 284 615 
836 291 548 26 649 234 203 781 622 92 178 979 724 887 504 916 282 931 330 925 830 
837 65 355 452 865 348 300 941 687 690 739 660 178 567 708 932 28 492 629 
838 384 770 131 390 9 786 276 534 920 281 282 288 803 686 438 579 965 847 723 998 107 364 365 638 
839 513 5 907 909 528 17 406 792 285 752 550 249 171 605 433 50 187 62 199 333 81 727 859 861 990 231 368 883 244 958 889 
840 903 777 778 283 924 417 679 53 266 581 714 77 462 338 723 342 472 218 108 113 244 247 248 
841 208 418 131 534 6 423 331 578 711 687 624 913 20 814 726 887 184 660 854 63 
842 770 342 7 395 911 147 793 667 800 300 45 948 436 444 712 109 466 726 90 475 994 867 722 372 
843 992 769 387 86 486 231 361 455 397 47 112 433 470 745 683 287 
844 224 482 547 214 808 555 77 141 369 274 789 950 506 591 
845 609 386 965 328 578 335 272 792 370 660 822 824 473 250 572 93 510 
846 128 865 290 171 516 229 326 808 810 427 111 816 947 342 726 511 708 683 943 890 831 
847 0 649 651 695 399 25 283 796 543 930 838 807 301 943 948 951 628 587 326 458 331 722 213 216 92 734 361 499 884 634 
848 897 386 261 647 578 664 537 937 435 180 567 442 317 322 583 247 987 740 750 112 753 759 
849 640 80 834 900 188 49 584 700 619 270 496 625 690 755 437 87 819 721 764 826 703 
850 898 771 646 391 620 394 527 787 536 930 932 945 435 569 826 828 830 452 965 200 458 210 598 600 731 604 221 996 492 504 639 511 
851 260 266 271 403 278 559 800 549 940 47 309 565 320 972 462 83 608 499 629 761 507 639 
852 6 775 523 17 534 279 161 43 310 444 575 576 417 204 469 223 865 612 617 878 372 759 632 506 379 254 639 
853 704 2 13 659 448 918 688 48 53 693 960 712 210 989 739 741 102 999 237 367 243 504 788 
854 908 785 917 793 926 935 242 304 818 947 694 183 57 320 841 74 591 466 470 983 475 606 754 889 893 383 
855 95 258 804 198 657 361 490 779 76 78 689 531 917 727 728 703 28 157 211 
856 385 388 662 775 905 145 405 918 549 441 705 967 200 716 590 339 984 474 480 484 108 750 250 127 
857 737 67 612 392 617 366 431 488 302 244 174 342 216 532 26 964 149 
858 1 11 644 229 294 616 42 811 428 93 79 726 626 757 902 312 62 155 138 798 
859 4 393 266 523 278 285 926 159 553 839 564 777 287 834 199 717 210 474 732 359 111 169 
860 480 928 995 388 51 875 44 238 499 792 530 947 692 310 505 888 532 347 800 889 441 
861 480 67 452 870 839 968 553 215 616 963 724 286 414 87 568 478 410 798 895 
862 388 261 139 140 404 277 559 156 157 160 930 676 41 426 555 687 982 583 333 440 470 346 733 222 229 354 613 111 789 
863 643 12 910 532 661 534 167 811 434 181 451 965 71 457 459 333 89 353 99 747 625 370 
864 65 418 619 100 551 712 372 586 871 45 685 816 819 148 311 729 900 61 930 
865 782 657 279 452 547 170 939 309 440 441 181 964 837 714 846 720 852 348 992 483 619 621 243 756 
866 385 386 774 264 14 33 678 680 301 951 824 58 64 835 200 329 204 207 982 347 740 751 498 627 500 250 254 
867 1 290 618 36 325 353 552 74 333 82 83 756 246 344 121 900 767 842 799 
868 192 768 34 219 742 550 263 264 42 583 578 495 830 177 146 724 821 664 689 827 914 
869 676 182 294 391 329 140 174 61 529 564 758 954 476 93 
870 385 259 646 779 409 284 413 417 937 817 59 957 321 198 887 91 861 251 237 112 629 758 631 891 
871 128 133 392 655 146 539 454 43 301 180 825 314 702 198 202 588 599 94 864 362 107 756 892 
872 160 352 896 547 772 677 934 935 392 905 524 14 303 720 275 597 495 284 830 767 
873 896 4 13 942 537 164 808 476 682 558 821 697 59 713 330 333 342 604 221 361 111 631 
874 402 403 282 673 804 47 306 819 564 451 712 77 82 979 601 354 229 615 114 757 123 765 511 
875 320 547 220 860 554 127 301 15 786 660 789 825 397 921 250 207 284 477 223 
876 656 276 668 35 808 958 708 458 720 209 595 727 347 988 976 612 998 593 488 624 886 633 
877 772 342 271 917 279 408 671 931 685 820 309 580 73 723 470 216 15 604 738 99 362 750 369 626 
878 1 516 45 274 147 25 923 48 550 427 941 304 951 698 581 456 204 82 83 852 86 94 999 747 365 496 
879 384 901 321 620 139 13 655 147 405 409 412 413 554 688 434 577 834 78 975 593 342 343 602 993 490 364 631 250 
880 449 546 519 204 170 487 748 674 974 175 706 251 476 318 
881 644 534 775 277 150 285 158 415 296 569 202 324 965 330 203 206 982 313 353 742 119 764 639 
882 322 227 934 243 553 106 592 273 963 643 630 151 216 660 948 412 906 638 287 
883 353 133 839 490 743 372 214 888 186 124 702 927 
884 769 968 425 458 588 717 728 847 120 690 468 503 184 154 143 824 926 
885 259 900 503 776 428 267 653 539 812 815 181 59 501 715 718 721 738 995 624 629 887 761 443 
886 448 993 99 644 997 358 424 938 587 876 558 431 176 622 118 828 701 158 949 
887 946 836 966 870 263 533 169 620 781 159 624 978 594 885 841 472 404 603 460 313 405 
888 960 482 75 420 165 265 363 332 653 688 977 883 643 342 376 948 186 91 860 413 364 
889 545 132 839 76 289 527 144 854 792 795 860 895 
890 321 131 4 8 587 525 846 557 817 221 99 171 24 697 154 315 829 826 21 
891 258 901 15 537 799 133 125 309 440 509 65 708 201 75 340 215 600 655 870 238 381 253 
892 64 96 283 132 871 329 394 503 524 974 957 212 270 118 823 441 506 411 989 606 949 
893 353 134 550 545 759 829 788 854 823 410 957 574 191 
894 515 142 144 147 23 282 31 32 421 680 937 573 334 719 83 602 352 231 620 500 249 634 381 766 
895 386 775 784 17 286 167 680 818 565 183 952 57 699 445 62 708 582 113 972 464 982 983 216 218 861 222 482 739 998 743 616 168 889 
896 257 898 912 785 915 985 924 797 422 424 412 556 53 454 338 339 340 473 347 872 873 236 247 632 468 
897 1 993 646 422 647 848 114 217 346 955 316 317 709 
898 896 930 4 519 103 647 189 775 850 756 212 345 728 340 986 286 698 478 
899 320 768 610 678 713 717 945 466 180 309 919 472 415 383 
900 3 902 263 908 397 529 530 278 667 924 161 931 683 441 66 849 978 216 351 864 867 614 369 372 885 
901 96 193 546 808 522 941 526 879 656 114 19 504 473 730 891 348 947 414 
902 768 900 9 907 417 710 46 305 947 952 57 314 448 198 715 69 582 584 587 591 981 858 734 106 764 
903 449 771 772 69 243 584 489 331 526 840 785 530 563 116 949 287 995 765 543 
904 10 909 20 789 535 155 30 40 300 178 701 190 63 193 71 719 592 81 467 603 478 100 366 148 
905 262 520 649 16 529 146 531 281 537 794 53 318 959 972 856 602 735 228 999 872 111 371 
906 706 515 964 742 220 234 683 114 312 818 563 596 598 632 249 986 92 882 
907 512 931 902 839 328 266 623 968 568 58 586 286 
908 310 900 293 646 811 972 782 701 432 533 854 823 568 378 797 991 
909 128 545 99 677 832 839 904 156 74 780 419 590 815 691 675 342 441 283 668 159 
910 353 912 323 420 422 198 776 444 714 139 109 335 304 380 476 863 
911 323 262 487 649 842 204 943 816 946 435 404 597 983 692 159 
912 512 896 260 918 391 215 910 406 27 674 552 178 179 74 459 727 729 474 92 745 367 756 761 
913 929 251 100 645 841 266 311 751 947 25 665 536 356 763 60 287 
914 322 868 487 746 554 338 430 432 408 946 276 23 984 249 938 
915 896 129 427 676 933 81 172 747 300 307 368 369 402 659 596 151 473 185 
916 256 1 836 545 360 939 430 125 560 424 378 622 504 762 411 508 285 
917 512 641 86 646 855 140 17 531 535 219 548 550 810 686 818 51 440 577 78 720 854 727 731 604 996 104 877 751 368 254 
918 644 10 141 912 728 537 31 417 37 935 939 942 49 56 955 190 449 227 714 716 81 723 853 856 89 349 702 315 616 624 318 
919 833 130 99 108 812 781 563 786 899 20 661 376 927 540 949 
920 534 155 681 433 949 55 314 832 834 707 581 838 73 587 973 590 77 213 345 975 608 737 741 117 246 762 508 126 
921 545 322 515 5 390 183 782 721 598 727 875 959 667 221 571 
922 675 454 262 60 362 751 188 372 286 726 379 988 30 572 
923 417 194 86 617 173 878 143 432 482 115 340 181 662 343 592 539 829 798 
924 896 900 653 532 494 664 669 418 935 438 953 321 840 76 332 497 736 99 237 622 113 759 123 766 
925 160 545 482 836 609 968 620 338 494 48 498 659 119 624 154 699 572 607 
926 512 640 647 394 656 661 407 669 290 181 116 61 802 590 465 854 859 220 478 355 232 491 884 
927 417 581 776 105 203 812 476 207 305 754 595 85 919 764 883 956 734 
928 137 394 526 791 416 166 42 303 952 57 826 202 330 973 215 860 221 223 608 237 631 505 938 
929 322 443 966 646 263 456 523 204 461 711 808 913 405 698 753 988 167 
930 864 321 898 387 966 682 459 301 847 752 17 850 803 469 946 474 284 862 766 
931 416 707 836 697 907 877 526 662 311 900 634 447 381 991 
932 191 635 517 105 587 428 530 430 783 432 850 207 837 
933 257 994 3 185 425 233 14 319 915 628 654 631 984 953 570 249 441 445 803 351 
934 96 129 548 101 872 421 439 306 882 758 759 576 185 443 606 613 
935 192 854 422 243 872 407 146 370 467 245 918 471 966 282 924 318 607 
936 576 353 748 493 46 557 468 430 87 954 443 444 765 734 181 
937 128 769 388 775 396 146 535 153 540 674 164 818 739 568 201 586 848 611 352 483 870 486 372 894 
938 544 928 484 69 7 328 300 556 210 184 914 886 248 996 602 507 93 286 
939 257 774 641 11 652 526 429 272 18 916 918 159 545 685 944 311 449 55 460 468 346 865 232 616 627 248 254 
940 480 65 440 613 9 586 300 336 664 851 404 469 568 724 415 645 
941 704 97 418 267 356 837 225 648 587 365 878 16 612 818 723 578 597 793 901 
942 392 394 399 787 918 154 346 677 429 304 561 565 449 708 980 725 90 605 421 353 101 102 873 236 369 756 634 
943 512 815 996 305 111 175 174 847 817 211 340 846 563 537 911 412 318 
944 577 994 811 486 71 969 42 939 15 821 668 732 650 
945 899 391 650 781 399 25 796 35 677 422 168 813 49 50 581 76 718 850 342 97 247 120 638 767 
946 705 354 355 74 236 77 911 240 690 21 887 760 26 799 606 810 914 930 
947 640 901 902 913 150 29 799 817 311 57 698 66 327 846 213 854 345 986 860 350 745 374 508 
948 97 259 763 29 586 842 306 792 847 305 882 275 245 547 888 783 74 995 
949 259 452 903 72 169 743 541 919 886 969 920 155 892 989 223 
950 768 801 960 812 844 208 369 469 26 158 479 
951 673 866 388 815 833 878 847 465 19 410 79 
952 902 392 780 655 661 282 284 29 928 36 550 432 51 55 701 69 712 588 463 976 223 753 895 
953 512 272 791 431 924 675 933 422 42 815 818 312 186 827 706 326 75 77 336 599 732 740 487 748 494 
954 224 323 996 683 81 936 137 267 712 269 494 689 595 820 630 442 319 785 598 382 869 
955 897 259 774 455 522 811 335 241 978 515 561 918 477 234 231 
956 802 355 102 167 969 427 528 721 723 629 471 570 540 541 927 
957 192 288 386 227 870 263 361 138 487 716 701 530 317 117 406 892 893 254 
958 976 546 11 292 678 391 103 9 747 876 706 560 839 432 727 763 732 702 
959 295 548 998 71 168 905 523 396 653 367 272 211 921 122 92 
960 768 3 518 16 658 790 34 163 548 683 685 950 833 197 460 290 853 473 603 610 110 113 888 
961 161 547 133 812 652 14 189 80 531 340 489 762 283 28 733 229 
962 768 130 18 31 370 51 692 56 569 827 317 63 85 984 604 477 105 274 239 242 504 506 
963 768 481 644 242 490 973 238 29 80 50 147 820 496 983 666 882 861 
964 0 865 675 645 633 906 971 396 493 368 209 83 115 791 152 857 91 540 639 
965 386 644 403 260 415 423 988 50 312 442 571 838 202 845 207 850 753 220 477 863 224 482 487 881 755 373 119 248 377 508 127 
966 772 5 520 649 791 929 546 164 935 40 52 54 65 930 335 724 470 602 609 763 363 109 110 117 887 251 639 
967 131 388 231 443 74 159 221 624 785 722 95 593 856 516 255 671 669 280 31 
968 416 733 517 230 71 649 907 861 24 691 532 734 824 884 219 925 819 
969 640 33 800 39 63 299 301 944 440 530 563 309 790 984 159 956 949 
970 2 804 677 489 619 172 809 590 120 435 268 169 83 58 602 126 361 
971 609 291 964 549 198 808 140 13 142 239 579 244 261 87 314 623 387 5 
972 992 2 275 358 647 40 905 908 622 815 49 82 851 566 311 186 828 895 
973 512 640 270 920 27 672 33 290 667 681 687 563 445 928 963 588 716 341 94 96 482 364 629 637 
974 880 214 263 680 523 428 621 477 688 81 497 310 215 176 91 892 509 638 575 
975 336 358 679 879 400 723 469 281 920 819 766 
976 641 525 664 39 300 435 436 952 571 958 322 335 209 210 347 353 99 741 551 876 369 374 
977 264 141 790 668 543 156 687 816 821 567 573 190 711 200 465 981 86 731 101 746 620 111 888 507 
978 771 900 780 578 791 24 47 801 163 425 685 559 955 834 87 732 490 748 112 371 887 765 383 
979 160 464 699 836 614 776 15 874 143 13 750 365 528 980 821 376 698 667 542 319 
980 385 387 260 451 279 541 294 942 561 822 183 701 67 75 338 979 598 93 609 356 619 255 
981 902 648 781 275 30 43 175 694 701 62 575 454 977 466 725 217 734 359 239 624 114 766 
982 576 450 43 785 188 619 866 733 48 881 351 212 341 86 471 532 59 252 829 862 895 
983 516 854 393 911 656 149 666 29 542 672 438 57 570 572 963 76 342 728 219 96 737 483 743 744 188 493 511 895 
984 643 651 652 270 272 914 21 669 34 933 168 812 47 306 699 962 969 856 611 235 680 253 255 
985 896 550 6 201 77 750 493 561 499 285 309 90 559 541 989 
986 193 898 449 808 393 906 567 268 558 189 49 370 947 52 789 182 609 120 669 
987 832 834 67 388 101 999 524 427 780 435 848 113 627 115 300 601 606 
988 259 650 14 402 404 922 325 929 41 429 686 819 822 184 965 591 81 142 729 475 361 746 876 493 752 758 761 763 597 
989 517 266 141 398 271 17 658 157 671 162 552 949 571 205 853 985 222 96 99 488 107 242 892 
990 384 98 100 647 552 351 839 140 61 719 464 312 242 54 728 217 474 575 122 479 
991 3 385 323 456 780 459 908 717 367 368 749 403 606 150 186 719 931 798 
992 833 451 484 101 865 106 843 972 173 591 691 148 565 739 218 299 58 603 996 52 
993 897 323 580 165 326 40 138 748 141 46 559 368 339 660 661 886 823 312 879 723 319 
994 652 195 538 816 933 41 304 57 220 451 842 719 944 212 599 89 732 698 222 481 98 357 621 750 245 119 
995 32 832 708 550 198 903 456 364 330 684 370 948 885 772 375 564 91 860 733 671 
996 917 278 280 666 796 285 287 938 943 183 954 835 327 850 218 475 604 93 992 743 762 367 477 507 
997 441 98 740 392 649 371 514 782 717 113 243 596 886 761 793 156 157 
998 7 392 267 22 282 287 288 810 565 959 192 708 69 838 720 467 738 876 240 369 118 121 380 895 
999 905 15 785 531 238 791 293 679 183 585 715 81 466 853 88 987 484 620 493 878 754 383 
